https://www.njlottery.com/en-us/drawgames/cash4life.html#tab-winningNumbers
11/30/2021
	
11 13 44 47 51 04
	0 	$ 1,000 	0 	$ 1,000
11/29/2021
	
09 35 48 53 58 02
	0 	$ 1,000 	1 	$ 1,000
11/28/2021
	
02 09 18 35 41 02
	0 	$ 1,000 	0 	$ 1,000
11/27/2021
	
04 05 08 55 56 01
	0 	$ 1,000 	0 	$ 1,000
11/26/2021
	
20 23 27 38 40 02
	0 	$ 1,000 	0 	$ 1,000
11/25/2021
	
24 39 40 43 46 02
	0 	$ 1,000 	0 	$ 1,000
11/24/2021
	
03 05 11 16 55 03
	0 	$ 1,000 	0 	$ 1,000
11/23/2021
	
25 27 30 41 56 01
	0 	$ 1,000 	0 	$ 1,000
11/22/2021
	
02 03 22 45 46 03
	0 	$ 1,000 	0 	$ 1,000
11/21/2021
	
04 05 06 11 48 03
	0 	$ 1,000 	0 	$ 1,000
11/20/2021
	
09 16 23 31 58 01
	0 	$ 1,000 	0 	$ 1,000
11/19/2021
	
08 27 30 37 39 02
	0 	$ 1,000 	0 	$ 1,000
11/18/2021
	
18 24 31 47 60 03
	0 	$ 1,000 	0 	$ 1,000
11/17/2021
	
10 18 50 53 58 02
	0 	$ 1,000 	0 	$ 1,000
11/16/2021
	
09 10 35 44 58 03
	0 	$ 1,000 	0 	$ 1,000
11/15/2021
	
33 47 49 50 57 03
	0 	$ 1,000 	0 	$ 1,000
11/14/2021
	
06 27 37 50 57 03
	0 	$ 1,000 	0 	$ 1,000
11/13/2021
	
07 17 31 47 51 04
	0 	$ 1,000 	0 	$ 1,000
11/12/2021
	
05 08 32 34 57 01
	0 	$ 1,000 	0 	$ 1,000
11/11/2021
	
05 21 31 45 47 03
	0 	$ 1,000 	0 	$ 1,000
11/10/2021
	
20 31 39 42 46 04
	0 	$ 1,000 	0 	$ 1,000
11/09/2021
	
15 41 56 57 59 01
	0 	$ 1,000 	0 	$ 1,000
11/08/2021
	
16 21 43 56 58 01
	0 	$ 1,000 	0 	$ 1,000
11/07/2021
	
09 11 27 45 58 04
	0 	$ 1,000 	0 	$ 1,000
11/06/2021
	
34 39 44 50 53 01
	0 	$ 1,000 	0 	$ 1,000
11/05/2021
	
08 30 31 43 51 02
	0 	$ 1,000 	0 	$ 1,000
11/04/2021
	
07 37 47 53 55 03
	0 	$ 1,000 	0 	$ 1,000
11/03/2021
	
10 36 45 46 60 01
	0 	$ 1,000 	0 	$ 1,000
11/02/2021
	
15 28 33 39 50 03
	0 	$ 1,000 	0 	$ 1,000
11/01/2021
	
16 19 29 42 50 02
	0 	$ 1,000 	0 	$ 1,000
10/31/2021
	
31 35 48 57 58 04
	0 	$ 1,000 	0 	$ 1,000
10/30/2021
	
20 33 37 45 48 03
	0 	$ 1,000 	0 	$ 1,000
10/29/2021
	
29 34 39 47 54 01
	0 	$ 1,000 	0 	$ 1,000
10/28/2021
	
06 08 09 10 42 01
	0 	$ 1,000 	0 	$ 1,000
10/27/2021
	
19 26 54 55 60 04
	0 	$ 1,000 	0 	$ 1,000
10/26/2021
	
03 05 23 37 46 04
	0 	$ 1,000 	0 	$ 1,000
10/25/2021
	
18 35 46 47 51 03
	0 	$ 1,000 	0 	$ 1,000
10/24/2021
	
09 13 30 36 40 04
	0 	$ 1,000 	1 	$ 1,000
10/23/2021
	
08 24 32 34 46 03
	0 	$ 1,000 	0 	$ 1,000
10/22/2021
	
16 46 51 52 54 02
	0 	$ 1,000 	0 	$ 1,000
10/21/2021
	
07 20 35 52 60 02
	0 	$ 1,000 	0 	$ 1,000
10/20/2021
	
03 05 28 33 42 04
	0 	$ 1,000 	0 	$ 1,000
10/19/2021
	
09 32 34 35 52 02
	0 	$ 1,000 	0 	$ 1,000
10/18/2021
	
07 13 34 38 59 04
	0 	$ 1,000 	0 	$ 1,000
10/17/2021
	
14 19 25 27 39 02
	0 	$ 1,000 	0 	$ 1,000
10/16/2021
	
04 25 26 44 58 04
	0 	$ 1,000 	0 	$ 1,000
10/15/2021
	
04 11 21 34 38 03
	0 	$ 1,000 	0 	$ 1,000
10/14/2021
	
07 08 34 55 56 03
	0 	$ 1,000 	0 	$ 1,000
10/13/2021
	
08 10 14 15 35 01
	0 	$ 1,000 	0 	$ 1,000
10/12/2021
	
09 20 22 53 57 01
	0 	$ 1,000 	1 	$ 1,000
10/11/2021
	
01 08 17 38 47 03
	0 	$ 1,000 	0 	$ 1,000
10/10/2021
	
22 23 40 46 55 04
	0 	$ 1,000 	0 	$ 1,000
10/09/2021
	
09 12 28 48 57 01
	0 	$ 1,000 	0 	$ 1,000
10/08/2021
	
16 26 38 42 56 02
	0 	$ 1,000 	0 	$ 1,000
10/07/2021
	
06 10 21 38 48 02
	0 	$ 1,000 	1 	$ 1,000
10/06/2021
	
02 10 14 28 31 03
	0 	$ 1,000 	1 	$ 1,000
10/05/2021
	
06 14 26 35 48 03
	0 	$ 1,000 	0 	$ 1,000
10/04/2021
	
16 27 43 48 56 01
	0 	$ 1,000 	0 	$ 1,000
10/03/2021
	
18 24 50 52 59 01
	0 	$ 1,000 	0 	$ 1,000
10/02/2021
	
02 14 17 26 55 01
	0 	$ 1,000 	0 	$ 1,000
10/01/2021
	
04 20 39 40 60 03
	0 	$ 1,000 	0 	$ 1,000
09/30/2021
	
15 18 20 21 52 04
	0 	$ 1,000 	1 	$ 1,000
09/29/2021
	
17 20 22 32 56 03
	0 	$ 1,000 	0 	$ 1,000
09/28/2021
	
03 04 12 18 50 04
	0 	$ 1,000 	0 	$ 1,000
09/27/2021
	
03 10 11 21 46 03
	0 	$ 1,000 	1 	$ 1,000
09/26/2021
	
08 09 16 33 37 04
	0 	$ 1,000 	0 	$ 1,000
09/25/2021
	
05 24 37 47 52 04
	0 	$ 1,000 	0 	$ 1,000
09/24/2021
	
15 18 23 36 44 02
	0 	$ 1,000 	0 	$ 1,000
09/23/2021
	
18 27 29 55 58 01
	0 	$ 1,000 	0 	$ 1,000
09/22/2021
	
20 30 47 50 55 04
	0 	$ 1,000 	0 	$ 1,000
09/21/2021
	
04 10 22 38 46 04
	0 	$ 1,000 	0 	$ 1,000
09/20/2021
	
24 26 29 43 52 02
	0 	$ 1,000 	0 	$ 1,000
09/19/2021
	
02 24 26 35 43 04
	0 	$ 1,000 	0 	$ 1,000
09/18/2021
	
15 23 24 29 48 02
	0 	$ 1,000 	0 	$ 1,000
09/17/2021
	
01 03 08 22 37 04
	0 	$ 1,000 	0 	$ 1,000
09/16/2021
	
31 39 49 55 59 02
	0 	$ 1,000 	0 	$ 1,000
09/15/2021
	
22 23 35 43 45 02
	0 	$ 1,000 	0 	$ 1,000
09/14/2021
	
15 16 30 49 58 02
	0 	$ 1,000 	0 	$ 1,000
09/13/2021
	
04 06 40 41 60 03
	0 	$ 1,000 	1 	$ 1,000
09/12/2021
	
01 02 13 44 51 01
	0 	$ 1,000 	0 	$ 1,000
09/11/2021
	
12 18 31 39 60 01
	0 	$ 1,000 	0 	$ 1,000
09/10/2021
	
09 12 15 28 58 01
	0 	$ 1,000 	0 	$ 1,000
09/09/2021
	
03 23 30 55 58 01
	1 	$ 1,000 	0 	$ 1,000
09/08/2021
	
07 15 19 21 49 02
	0 	$ 1,000 	0 	$ 1,000
09/07/2021
	
06 12 30 34 58 02
	0 	$ 1,000 	0 	$ 1,000
09/06/2021
	
11 31 39 42 46 03
	0 	$ 1,000 	0 	$ 1,000
09/05/2021
	
06 22 33 36 56 01
	0 	$ 1,000 	0 	$ 1,000
09/04/2021
	
10 22 33 38 54 04
	0 	$ 1,000 	0 	$ 1,000
09/03/2021
	
33 36 45 51 56 03
	0 	$ 1,000 	0 	$ 1,000
09/02/2021
	
10 13 26 34 55 02
	0 	$ 1,000 	0 	$ 1,000
09/01/2021
	
32 37 40 41 43 01
	0 	$ 1,000 	0 	$ 1,000
08/31/2021
	
05 08 13 15 32 03
	0 	$ 1,000 	0 	$ 1,000
08/30/2021
	
05 09 24 54 58 03
	0 	$ 1,000 	0 	$ 1,000
08/29/2021
	
01 05 26 40 59 04
	0 	$ 1,000 	0 	$ 1,000
08/28/2021
	
01 18 28 32 36 03
	0 	$ 1,000 	0 	$ 1,000
08/27/2021
	
02 16 31 36 56 04
	0 	$ 1,000 	0 	$ 1,000
08/26/2021
	
01 04 11 46 52 02
	0 	$ 1,000 	0 	$ 1,000
08/25/2021
	
03 27 28 37 59 04
	0 	$ 1,000 	0 	$ 1,000
08/24/2021
	
06 10 14 28 58 01
	0 	$ 1,000 	0 	$ 1,000
08/23/2021
	
03 26 27 38 51 01
	0 	$ 1,000 	0 	$ 1,000
08/22/2021
	
20 27 31 37 39 03
	0 	$ 1,000 	0 	$ 1,000
08/21/2021
	
21 38 48 54 56 02
	0 	$ 1,000 	0 	$ 1,000
08/20/2021
	
29 36 46 50 60 01
	0 	$ 1,000 	0 	$ 1,000
08/19/2021
	
03 28 33 43 51 03
	0 	$ 1,000 	0 	$ 1,000
08/18/2021
	
22 39 45 51 53 03
	0 	$ 1,000 	0 	$ 1,000
08/17/2021
	
09 14 15 36 54 04
	0 	$ 1,000 	0 	$ 1,000
08/16/2021
	
12 13 32 36 53 02
	0 	$ 1,000 	0 	$ 1,000
08/15/2021
	
06 09 16 47 54 04
	0 	$ 1,000 	0 	$ 1,000
08/14/2021
	
05 29 30 35 39 03
	0 	$ 1,000 	0 	$ 1,000
08/13/2021
	
10 27 41 51 58 01
	0 	$ 1,000 	0 	$ 1,000
08/12/2021
	
09 10 15 28 46 03
	0 	$ 1,000 	0 	$ 1,000
08/11/2021
	
05 10 13 43 52 01
	0 	$ 1,000 	0 	$ 1,000
08/10/2021
	
01 04 09 21 51 03
	0 	$ 1,000 	0 	$ 1,000
08/09/2021
	
03 06 29 32 35 01
	0 	$ 1,000 	1 	$ 1,000
08/08/2021
	
06 23 31 44 48 02
	0 	$ 1,000 	1 	$ 1,000
08/07/2021
	
05 14 20 23 37 03
	0 	$ 1,000 	0 	$ 1,000
08/06/2021
	
04 09 20 33 43 02
	0 	$ 1,000 	0 	$ 1,000
08/05/2021
	
04 10 11 34 59 04
	0 	$ 1,000 	0 	$ 1,000
08/04/2021
	
02 19 37 52 56 03
	0 	$ 1,000 	0 	$ 1,000
08/03/2021
	
25 42 48 49 53 04
	0 	$ 1,000 	0 	$ 1,000
08/02/2021
	
18 46 48 50 54 04
	0 	$ 1,000 	0 	$ 1,000
08/01/2021
	
11 30 33 47 60 01
	1 	$ 1,000 	0 	$ 1,000
07/31/2021
	
10 21 44 53 58 03
	0 	$ 1,000 	0 	$ 1,000
07/30/2021
	
02 12 15 33 46 01
	0 	$ 1,000 	0 	$ 1,000
07/29/2021
	
04 18 26 34 42 02
	0 	$ 1,000 	0 	$ 1,000
07/28/2021
	
08 11 12 13 23 01
	1 	$ 1,000 	0 	$ 1,000
07/27/2021
	
12 20 22 55 59 03
	0 	$ 1,000 	0 	$ 1,000
07/26/2021
	
09 16 25 27 32 01
	0 	$ 1,000 	0 	$ 1,000
07/25/2021
	
16 34 39 42 51 01
	0 	$ 1,000 	0 	$ 1,000
07/24/2021
	
37 40 49 53 55 03
	0 	$ 1,000 	0 	$ 1,000
07/23/2021
	
03 29 37 42 46 02
	0 	$ 1,000 	0 	$ 1,000
07/22/2021
	
36 50 51 52 55 01
	0 	$ 1,000 	0 	$ 1,000
07/21/2021
	
11 28 45 47 52 03
	0 	$ 1,000 	0 	$ 1,000
07/20/2021
	
07 14 51 55 58 04
	0 	$ 1,000 	0 	$ 1,000
07/19/2021
	
08 15 16 23 41 02
	0 	$ 1,000 	1 	$ 1,000
07/18/2021
	
01 31 40 49 55 03
	0 	$ 1,000 	0 	$ 1,000
07/17/2021
	
08 09 25 35 52 01
	0 	$ 1,000 	0 	$ 1,000
07/16/2021
	
03 09 14 41 46 01
	0 	$ 1,000 	0 	$ 1,000
07/15/2021
	
11 21 39 40 60 01
	0 	$ 1,000 	0 	$ 1,000
07/14/2021
	
10 21 35 46 48 01
	0 	$ 1,000 	0 	$ 1,000
07/13/2021
	
03 23 29 33 46 04
	0 	$ 1,000 	0 	$ 1,000
07/12/2021
	
12 16 54 56 58 02
	0 	$ 1,000 	0 	$ 1,000
07/11/2021
	
12 16 40 54 60 02
	1 	$ 1,000 	0 	$ 1,000
07/10/2021
	
07 08 18 33 52 01
	0 	$ 1,000 	0 	$ 1,000
07/09/2021
	
18 29 40 42 56 02
	0 	$ 1,000 	0 	$ 1,000
07/08/2021
	
01 08 15 21 48 02
	0 	$ 1,000 	0 	$ 1,000
07/07/2021
	
05 12 19 44 46 04
	0 	$ 1,000 	1 	$ 1,000
07/06/2021
	
18 25 30 41 49 02
	0 	$ 1,000 	0 	$ 1,000
07/05/2021
	
03 10 21 28 51 04
	0 	$ 1,000 	0 	$ 1,000
07/04/2021
	
01 03 06 25 48 04
	0 	$ 1,000 	0 	$ 1,000
07/03/2021
	
05 14 28 39 40 02
	0 	$ 1,000 	0 	$ 1,000
07/02/2021
	
01 09 12 13 20 01
	0 	$ 1,000 	1 	$ 1,000
07/01/2021
	
05 32 45 46 54 03
	0 	$ 1,000 	1 	$ 1,000
06/30/2021
	
01 27 29 41 44 04
	0 	$ 1,000 	0 	$ 1,000
06/29/2021
	
01 09 15 30 41 04
	0 	$ 1,000 	0 	$ 1,000
06/28/2021
	
10 19 38 52 60 02
	0 	$ 1,000 	0 	$ 1,000
06/27/2021
	
06 35 36 38 39 04
	0 	$ 1,000 	0 	$ 1,000
06/26/2021
	
03 13 33 41 48 02
	0 	$ 1,000 	0 	$ 1,000
06/25/2021
	
09 28 44 46 53 03
	0 	$ 1,000 	0 	$ 1,000
06/24/2021
	
13 39 41 48 50 04
	0 	$ 1,000 	0 	$ 1,000
06/23/2021
	
10 25 29 31 60 04
	0 	$ 1,000 	0 	$ 1,000
06/22/2021
	
05 07 17 19 33 02
	0 	$ 1,000 	0 	$ 1,000
06/21/2021
	
26 29 41 57 60 04
	0 	$ 1,000 	0 	$ 1,000
06/20/2021
	
21 39 41 45 58 02
	0 	$ 1,000 	0 	$ 1,000
06/19/2021
	
09 12 13 39 54 01
	0 	$ 1,000 	0 	$ 1,000
06/18/2021
	
11 20 26 56 57 01
	0 	$ 1,000 	0 	$ 1,000
06/17/2021
	
03 18 23 50 53 04
	0 	$ 1,000 	0 	$ 1,000
06/16/2021
	
10 32 41 42 51 01
	0 	$ 1,000 	1 	$ 1,000
06/15/2021
	
02 05 11 35 59 01
	0 	$ 1,000 	0 	$ 1,000
06/14/2021
	
18 20 45 57 60 04
	0 	$ 1,000 	0 	$ 1,000
06/13/2021
	
02 08 24 26 43 03
	0 	$ 1,000 	0 	$ 1,000
06/12/2021
	
16 21 23 24 58 04
	0 	$ 1,000 	0 	$ 1,000
06/11/2021
	
08 24 47 48 56 02
	0 	$ 1,000 	0 	$ 1,000
06/10/2021
	
13 19 22 36 55 01
	0 	$ 1,000 	0 	$ 1,000
06/09/2021
	
19 21 29 52 56 02
	0 	$ 1,000 	0 	$ 1,000
06/08/2021
	
04 07 09 10 41 04
	0 	$ 1,000 	0 	$ 1,000
06/07/2021
	
06 14 25 28 33 01
	0 	$ 1,000 	0 	$ 1,000
06/06/2021
	
16 25 34 47 51 04
	0 	$ 1,000 	0 	$ 1,000
06/05/2021
	
01 04 26 31 36 04
	0 	$ 1,000 	0 	$ 1,000
06/04/2021
	
06 30 33 49 52 04
	0 	$ 1,000 	0 	$ 1,000
06/03/2021
	
05 07 14 29 40 02
	0 	$ 1,000 	0 	$ 1,000
06/02/2021
	
40 44 46 51 54 03
	0 	$ 1,000 	0 	$ 1,000
06/01/2021
	
21 25 31 54 57 02
	0 	$ 1,000 	0 	$ 1,000
05/31/2021
	
19 22 43 46 54 04
	0 	$ 1,000 	0 	$ 1,000
05/30/2021
	
09 12 34 40 43 02
	0 	$ 1,000 	0 	$ 1,000
05/29/2021
	
06 27 44 51 52 01
	0 	$ 1,000 	0 	$ 1,000
05/28/2021
	
10 11 26 27 57 02
	0 	$ 1,000 	0 	$ 1,000
05/27/2021
	
05 14 21 38 42 03
	0 	$ 1,000 	0 	$ 1,000
05/26/2021
	
03 06 29 58 60 03
	0 	$ 1,000 	0 	$ 1,000
05/25/2021
	
01 16 28 38 41 04
	0 	$ 1,000 	0 	$ 1,000
05/24/2021
	
08 15 19 39 55 02
	0 	$ 1,000 	0 	$ 1,000
05/23/2021
	
08 24 31 39 44 02
	0 	$ 1,000 	0 	$ 1,000
05/22/2021
	
10 18 22 38 54 02
	0 	$ 1,000 	0 	$ 1,000
05/21/2021
	
06 15 23 47 56 01
	0 	$ 1,000 	0 	$ 1,000
05/20/2021
	
01 21 23 50 55 04
	0 	$ 1,000 	0 	$ 1,000
05/19/2021
	
05 07 24 29 31 02
	0 	$ 1,000 	2 	$ 1,000
05/18/2021
	
07 18 29 39 40 04
	0 	$ 1,000 	1 	$ 1,000
05/17/2021
	
31 43 44 46 58 01
	0 	$ 1,000 	0 	$ 1,000
05/16/2021
	
02 05 08 37 41 03
	0 	$ 1,000 	0 	$ 1,000
05/15/2021
	
08 15 24 41 49 03
	0 	$ 1,000 	0 	$ 1,000
05/14/2021
	
03 05 26 35 60 01
	0 	$ 1,000 	1 	$ 1,000
05/13/2021
	
09 33 37 47 55 03
	0 	$ 1,000 	0 	$ 1,000
05/12/2021
	
32 40 41 54 56 02
	0 	$ 1,000 	1 	$ 1,000
05/11/2021
	
06 21 25 56 57 02
	0 	$ 1,000 	0 	$ 1,000
05/10/2021
	
37 42 44 45 52 04
	0 	$ 1,000 	0 	$ 1,000
05/09/2021
	
04 14 33 35 37 03
	0 	$ 1,000 	0 	$ 1,000
05/08/2021
	
01 09 20 49 56 04
	0 	$ 1,000 	0 	$ 1,000
05/07/2021
	
14 20 21 30 47 02
	0 	$ 1,000 	0 	$ 1,000
05/06/2021
	
06 09 16 20 25 04
	0 	$ 1,000 	0 	$ 1,000
05/05/2021
	
02 37 54 56 60 03
	0 	$ 1,000 	0 	$ 1,000
05/04/2021
	
24 28 40 50 54 01
	0 	$ 1,000 	0 	$ 1,000
05/03/2021
	
13 18 27 28 60 02
	0 	$ 1,000 	0 	$ 1,000
05/02/2021
	
24 30 50 52 55 04
	0 	$ 1,000 	0 	$ 1,000
05/01/2021
	
25 33 40 50 53 03
	0 	$ 1,000 	0 	$ 1,000
04/30/2021
	
09 10 32 52 60 01
	0 	$ 1,000 	0 	$ 1,000
04/29/2021
	
04 29 40 41 47 01
	0 	$ 1,000 	0 	$ 1,000
04/28/2021
	
04 22 24 52 59 04
	0 	$ 1,000 	0 	$ 1,000
04/27/2021
	
02 11 20 27 41 04
	0 	$ 1,000 	1 	$ 1,000
04/26/2021
	
07 16 30 34 46 04
	0 	$ 1,000 	0 	$ 1,000
04/25/2021
	
06 10 21 44 50 01
	0 	$ 1,000 	0 	$ 1,000
04/24/2021
	
13 14 35 38 40 02
	0 	$ 1,000 	0 	$ 1,000
04/23/2021
	
13 19 22 35 50 04
	0 	$ 1,000 	0 	$ 1,000
04/22/2021
	
04 08 13 40 59 01
	0 	$ 1,000 	0 	$ 1,000
04/21/2021
	
12 14 22 23 32 01
	0 	$ 1,000 	0 	$ 1,000
04/20/2021
	
13 19 42 52 56 01
	0 	$ 1,000 	0 	$ 1,000
04/19/2021
	
01 06 14 18 33 01
	0 	$ 1,000 	0 	$ 1,000
04/18/2021
	
16 41 46 52 57 03
	0 	$ 1,000 	0 	$ 1,000
04/17/2021
	
15 18 46 48 50 01
	0 	$ 1,000 	0 	$ 1,000
04/16/2021
	
04 11 22 33 36 03
	0 	$ 1,000 	0 	$ 1,000
04/15/2021
	
18 24 44 46 49 04
	0 	$ 1,000 	0 	$ 1,000
04/14/2021
	
02 12 25 56 57 02
	0 	$ 1,000 	1 	$ 1,000
04/13/2021
	
09 30 35 38 59 02
	0 	$ 1,000 	0 	$ 1,000
04/12/2021
	
04 23 26 37 56 03
	0 	$ 1,000 	0 	$ 1,000
04/11/2021
	
01 08 19 39 50 01
	0 	$ 1,000 	0 	$ 1,000
04/10/2021
	
29 30 35 51 55 04
	0 	$ 1,000 	0 	$ 1,000
04/09/2021
	
04 09 35 40 57 01
	0 	$ 1,000 	1 	$ 1,000
04/08/2021
	
09 16 42 54 58 02
	0 	$ 1,000 	0 	$ 1,000
04/07/2021
	
31 33 39 48 50 04
	0 	$ 1,000 	0 	$ 1,000
04/06/2021
	
21 23 25 34 51 02
	0 	$ 1,000 	0 	$ 1,000
04/05/2021
	
19 21 26 39 52 03
	0 	$ 1,000 	1 	$ 1,000
04/04/2021
	
11 17 18 26 54 01
	0 	$ 1,000 	0 	$ 1,000
04/03/2021
	
02 05 24 44 57 02
	0 	$ 1,000 	0 	$ 1,000
04/02/2021
	
10 31 32 41 60 01
	0 	$ 1,000 	0 	$ 1,000
04/01/2021
	
19 36 41 46 55 01
	0 	$ 1,000 	0 	$ 1,000
03/31/2021
	
02 27 35 46 55 02
	0 	$ 1,000 	0 	$ 1,000
03/30/2021
	
10 13 33 36 58 03
	0 	$ 1,000 	0 	$ 1,000
03/29/2021
	
05 28 35 39 60 01
	0 	$ 1,000 	0 	$ 1,000
03/28/2021
	
02 03 07 19 49 01
	0 	$ 1,000 	0 	$ 1,000
03/27/2021
	
07 15 31 48 56 02
	0 	$ 1,000 	0 	$ 1,000
03/26/2021
	
05 12 24 42 59 03
	0 	$ 1,000 	0 	$ 1,000
03/25/2021
	
01 03 13 28 49 03
	1 	$ 1,000 	0 	$ 1,000
03/24/2021
	
13 14 15 16 41 02
	0 	$ 1,000 	0 	$ 1,000
03/23/2021
	
04 06 12 20 51 04
	0 	$ 1,000 	0 	$ 1,000
03/22/2021
	
09 26 31 47 58 02
	0 	$ 1,000 	0 	$ 1,000
03/21/2021
	
02 16 41 55 58 02
	0 	$ 1,000 	0 	$ 1,000
03/20/2021
	
28 33 38 50 59 02
	0 	$ 1,000 	0 	$ 1,000
03/19/2021
	
10 17 25 35 44 02
	0 	$ 1,000 	0 	$ 1,000
03/18/2021
	
09 21 22 37 59 01
	0 	$ 1,000 	0 	$ 1,000
03/17/2021
	
03 26 27 34 36 02
	0 	$ 1,000 	0 	$ 1,000
03/16/2021
	
21 44 45 53 58 03
	0 	$ 1,000 	0 	$ 1,000
03/15/2021
	
04 12 37 46 60 04
	0 	$ 1,000 	0 	$ 1,000
03/14/2021
	
05 09 16 53 57 01
	0 	$ 1,000 	0 	$ 1,000
03/13/2021
	
24 25 32 40 48 01
	0 	$ 1,000 	0 	$ 1,000
03/12/2021
	
06 21 26 41 48 04
	0 	$ 1,000 	0 	$ 1,000
03/11/2021
	
09 19 26 27 57 02
	0 	$ 1,000 	0 	$ 1,000
03/10/2021
	
03 05 18 28 31 02
	0 	$ 1,000 	1 	$ 1,000
03/09/2021
	
06 16 25 40 49 01
	0 	$ 1,000 	0 	$ 1,000
03/08/2021
	
10 17 26 51 52 01
	0 	$ 1,000 	0 	$ 1,000
03/07/2021
	
21 26 39 55 57 03
	0 	$ 1,000 	0 	$ 1,000
03/06/2021
	
02 07 21 32 37 01
	0 	$ 1,000 	0 	$ 1,000
03/05/2021
	
12 27 52 57 60 04
	0 	$ 1,000 	0 	$ 1,000
03/04/2021
	
27 40 42 55 57 04
	0 	$ 1,000 	0 	$ 1,000
03/03/2021
	
15 16 20 42 57 02
	0 	$ 1,000 	0 	$ 1,000
03/02/2021
	
26 44 49 51 54 01
	0 	$ 1,000 	0 	$ 1,000
03/01/2021
	
01 07 45 50 53 02
	0 	$ 1,000 	0 	$ 1,000
02/28/2021
	
02 16 23 48 60 04
	0 	$ 1,000 	0 	$ 1,000
02/27/2021
	
08 18 33 38 53 01
	0 	$ 1,000 	0 	$ 1,000
02/26/2021
	
12 16 32 36 51 04
	0 	$ 1,000 	0 	$ 1,000
02/25/2021
	
06 08 47 52 54 03
	0 	$ 1,000 	0 	$ 1,000
02/24/2021
	
01 16 43 58 60 01
	0 	$ 1,000 	0 	$ 1,000
02/23/2021
	
04 17 27 35 49 01
	0 	$ 1,000 	0 	$ 1,000
02/22/2021
	
21 22 24 28 41 04
	0 	$ 1,000 	0 	$ 1,000
02/21/2021
	
06 09 44 51 54 02
	0 	$ 1,000 	0 	$ 1,000
02/20/2021
	
06 36 49 51 54 03
	0 	$ 1,000 	1 	$ 1,000
02/19/2021
	
06 19 32 35 47 04
	0 	$ 1,000 	0 	$ 1,000
02/18/2021
	
20 27 32 41 55 02
	0 	$ 1,000 	0 	$ 1,000
02/17/2021
	
03 12 39 52 57 04
	0 	$ 1,000 	0 	$ 1,000
02/16/2021
	
11 21 32 33 54 01
	0 	$ 1,000 	0 	$ 1,000
02/15/2021
	
08 18 21 28 46 03
	0 	$ 1,000 	0 	$ 1,000
02/14/2021
	
16 22 50 52 57 04
	0 	$ 1,000 	0 	$ 1,000
02/13/2021
	
03 45 52 56 58 03
	0 	$ 1,000 	0 	$ 1,000
02/12/2021
	
30 37 40 58 60 03
	0 	$ 1,000 	0 	$ 1,000
02/11/2021
	
08 09 24 32 36 02
	0 	$ 1,000 	0 	$ 1,000
02/10/2021
	
04 17 23 27 38 03
	0 	$ 1,000 	0 	$ 1,000
02/09/2021
	
27 35 38 52 57 02
	0 	$ 1,000 	0 	$ 1,000
02/08/2021
	
19 27 33 57 59 01
	0 	$ 1,000 	0 	$ 1,000
02/07/2021
	
01 07 16 44 47 02
	0 	$ 1,000 	0 	$ 1,000
02/06/2021
	
22 40 47 52 59 02
	0 	$ 1,000 	0 	$ 1,000
02/05/2021
	
27 31 39 45 48 04
	0 	$ 1,000 	0 	$ 1,000
02/04/2021
	
25 39 42 49 55 01
	0 	$ 1,000 	0 	$ 1,000
02/03/2021
	
16 35 37 50 55 04
	0 	$ 1,000 	0 	$ 1,000
02/02/2021
	
02 06 11 13 56 01
	0 	$ 1,000 	0 	$ 1,000
02/01/2021
	
18 26 33 58 59 04
	0 	$ 1,000 	0 	$ 1,000
01/31/2021
	
05 06 14 35 51 03
	0 	$ 1,000 	0 	$ 1,000
01/30/2021
	
03 31 33 43 44 03
	0 	$ 1,000 	0 	$ 1,000
01/29/2021
	
08 09 19 22 23 04
	0 	$ 1,000 	0 	$ 1,000
01/28/2021
	
03 31 39 57 59 03
	0 	$ 1,000 	0 	$ 1,000
01/27/2021
	
02 08 13 38 48 03
	0 	$ 1,000 	0 	$ 1,000
01/26/2021
	
19 24 38 40 60 02
	0 	$ 1,000 	0 	$ 1,000
01/25/2021
	
24 32 35 43 55 04
	0 	$ 1,000 	1 	$ 1,000
01/24/2021
	
11 25 40 53 59 04
	0 	$ 1,000 	1 	$ 1,000
01/23/2021
	
15 20 29 37 55 04
	0 	$ 1,000 	0 	$ 1,000
01/22/2021
	
02 15 19 41 43 01
	0 	$ 1,000 	0 	$ 1,000
01/21/2021
	
13 16 36 38 53 04
	0 	$ 1,000 	0 	$ 1,000
01/20/2021
	
08 13 14 44 52 04
	0 	$ 1,000 	0 	$ 1,000
01/19/2021
	
12 21 26 33 38 01
	0 	$ 1,000 	0 	$ 1,000
01/18/2021
	
04 06 07 33 53 01
	0 	$ 1,000 	0 	$ 1,000
01/17/2021
	
29 35 42 48 49 01
	0 	$ 1,000 	0 	$ 1,000
01/16/2021
	
15 23 26 32 57 04
	0 	$ 1,000 	0 	$ 1,000
01/15/2021
	
10 18 37 38 51 01
	0 	$ 1,000 	0 	$ 1,000
01/14/2021
	
01 10 17 32 39 01
	0 	$ 1,000 	0 	$ 1,000
01/13/2021
	
05 12 13 14 26 04
	0 	$ 1,000 	1 	$ 1,000
01/12/2021
	
28 32 40 41 44 02
	0 	$ 1,000 	0 	$ 1,000
01/11/2021
	
18 30 41 48 54 01
	0 	$ 1,000 	0 	$ 1,000
01/10/2021
	
05 43 46 49 52 04
	0 	$ 1,000 	0 	$ 1,000
01/09/2021
	
19 27 46 49 50 01
	0 	$ 1,000 	0 	$ 1,000
01/08/2021
	
03 09 22 44 47 02
	0 	$ 1,000 	0 	$ 1,000
01/07/2021
	
32 36 47 55 57 03
	1 	$ 1,000 	0 	$ 1,000
01/06/2021
	
05 06 16 22 33 02
	1 	$ 1,000 	0 	$ 1,000
01/05/2021
	
19 29 45 51 52 02
	0 	$ 1,000 	1 	$ 1,000
01/04/2021
	
03 24 43 47 51 03
	0 	$ 1,000 	0 	$ 1,000
01/03/2021
	
10 15 21 25 30 04
	0 	$ 1,000 	1 	$ 1,000
01/02/2021
	
31 33 35 37 50 03
	0 	$ 1,000 	0 	$ 1,000
01/01/2021
	
09 17 23 37 47 01
	0 	$ 1,000 	0 	$ 1,000
12/31/2020
	
11 28 40 48 57 04
	0 	$ 1,000 	0 	$ 1,000
12/30/2020
	
02 19 28 29 30 03
	0 	$ 1,000 	0 	$ 1,000
12/29/2020
	
12 21 23 24 36 01
	0 	$ 1,000 	0 	$ 1,000
12/28/2020
	
37 44 55 59 60 03
	0 	$ 1,000 	0 	$ 1,000
12/27/2020
	
28 35 36 42 53 02
	0 	$ 1,000 	0 	$ 1,000
12/26/2020
	
03 36 42 51 58 04
	0 	$ 1,000 	0 	$ 1,000
12/25/2020
	
04 26 44 56 57 02
	0 	$ 1,000 	0 	$ 1,000
12/24/2020
	
14 22 32 34 52 02
	0 	$ 1,000 	0 	$ 1,000
12/23/2020
	
01 18 21 23 32 04
	0 	$ 1,000 	0 	$ 1,000
12/22/2020
	
01 05 15 27 46 02
	0 	$ 1,000 	0 	$ 1,000
12/21/2020
	
12 29 32 38 60 01
	0 	$ 1,000 	0 	$ 1,000
12/20/2020
	
20 21 36 47 53 03
	0 	$ 1,000 	0 	$ 1,000
12/19/2020
	
25 31 48 56 57 03
	0 	$ 1,000 	0 	$ 1,000
12/18/2020
	
02 38 44 52 57 03
	0 	$ 1,000 	0 	$ 1,000
12/17/2020
	
11 19 25 35 59 02
	0 	$ 1,000 	0 	$ 1,000
12/16/2020
	
01 04 08 10 37 02
	0 	$ 1,000 	0 	$ 1,000
12/15/2020
	
16 27 42 49 57 01
	0 	$ 1,000 	0 	$ 1,000
12/14/2020
	
06 15 21 33 42 03
	0 	$ 1,000 	0 	$ 1,000
12/13/2020
	
16 32 33 42 53 03
	0 	$ 1,000 	0 	$ 1,000
12/12/2020
	
13 34 39 45 60 01
	0 	$ 1,000 	0 	$ 1,000
12/11/2020
	
25 34 36 49 57 01
	0 	$ 1,000 	0 	$ 1,000
12/10/2020
	
11 23 27 45 49 01
	0 	$ 1,000 	0 	$ 1,000
12/09/2020
	
13 31 37 39 57 04
	0 	$ 1,000 	0 	$ 1,000
12/08/2020
	
19 21 24 28 30 03
	0 	$ 1,000 	0 	$ 1,000
12/07/2020
	
13 16 22 40 49 01
	0 	$ 1,000 	0 	$ 1,000
12/06/2020
	
04 26 30 38 59 01
	0 	$ 1,000 	0 	$ 1,000
12/05/2020
	
08 16 45 48 57 03
	0 	$ 1,000 	0 	$ 1,000
12/04/2020
	
09 21 27 48 56 04
	0 	$ 1,000 	0 	$ 1,000
12/03/2020
	
06 10 14 31 59 02
	0 	$ 1,000 	0 	$ 1,000
12/02/2020
	
16 22 33 44 51 01
	0 	$ 1,000 	0 	$ 1,000
12/01/2020
	
01 02 25 48 53 04
	0 	$ 1,000 	0 	$ 1,000
11/30/2020
	
03 25 35 46 57 01
	0 	$ 1,000 	0 	$ 1,000
11/29/2020
	
09 17 18 28 38 03
	0 	$ 1,000 	0 	$ 1,000
11/28/2020
	
11 13 23 49 58 02
	0 	$ 1,000 	0 	$ 1,000
11/27/2020
	
12 14 20 28 51 03
	0 	$ 1,000 	0 	$ 1,000
11/26/2020
	
04 09 21 27 40 04
	0 	$ 1,000 	0 	$ 1,000
11/25/2020
	
10 18 25 27 56 04
	0 	$ 1,000 	0 	$ 1,000
11/24/2020
	
14 27 46 52 57 01
	0 	$ 1,000 	0 	$ 1,000
11/23/2020
	
05 11 40 55 59 02
	0 	$ 1,000 	0 	$ 1,000
11/22/2020
	
04 25 26 35 36 04
	0 	$ 1,000 	0 	$ 1,000
11/21/2020
	
04 08 35 40 54 03
	0 	$ 1,000 	0 	$ 1,000
11/20/2020
	
11 29 32 51 60 04
	0 	$ 1,000 	0 	$ 1,000
11/19/2020
	
16 17 18 37 58 04
	0 	$ 1,000 	0 	$ 1,000
11/18/2020
	
07 24 38 48 51 03
	0 	$ 1,000 	0 	$ 1,000
11/17/2020
	
15 31 43 45 54 03
	0 	$ 1,000 	0 	$ 1,000
11/16/2020
	
12 16 42 44 59 03
	0 	$ 1,000 	0 	$ 1,000
11/15/2020
	
19 20 32 35 49 01
	0 	$ 1,000 	0 	$ 1,000
11/14/2020
	
19 20 47 56 60 04
	0 	$ 1,000 	0 	$ 1,000
11/13/2020
	
12 18 23 29 46 04
	0 	$ 1,000 	0 	$ 1,000
11/12/2020
	
20 25 38 49 51 03
	0 	$ 1,000 	0 	$ 1,000
11/11/2020
	
07 20 30 41 56 04
	0 	$ 1,000 	0 	$ 1,000
11/10/2020
	
14 19 26 36 43 03
	0 	$ 1,000 	0 	$ 1,000
11/09/2020
	
10 27 40 45 49 01
	0 	$ 1,000 	0 	$ 1,000
11/08/2020
	
19 30 38 41 55 01
	0 	$ 1,000 	0 	$ 1,000
11/07/2020
	
02 03 18 43 49 03
	0 	$ 1,000 	0 	$ 1,000
11/06/2020
	
19 20 22 31 35 03
	0 	$ 1,000 	0 	$ 1,000
11/05/2020
	
05 07 11 17 41 03
	0 	$ 1,000 	0 	$ 1,000
11/04/2020
	
11 23 34 39 54 03
	0 	$ 1,000 	0 	$ 1,000
11/03/2020
	
03 08 09 29 34 01
	0 	$ 1,000 	0 	$ 1,000
11/02/2020
	
13 16 28 36 56 02
	0 	$ 1,000 	0 	$ 1,000
11/01/2020
	
02 12 28 50 60 01
	0 	$ 1,000 	0 	$ 1,000
10/31/2020
	
24 33 35 39 40 01
	0 	$ 1,000 	0 	$ 1,000
10/30/2020
	
13 19 35 48 52 04
	0 	$ 1,000 	0 	$ 1,000
10/29/2020
	
02 31 40 52 53 02
	0 	$ 1,000 	0 	$ 1,000
10/28/2020
	
12 15 29 45 56 04
	0 	$ 1,000 	0 	$ 1,000
10/27/2020
	
01 13 21 30 41 02
	0 	$ 1,000 	0 	$ 1,000
10/26/2020
	
01 06 19 58 59 01
	0 	$ 1,000 	0 	$ 1,000
10/25/2020
	
14 39 44 45 53 04
	0 	$ 1,000 	0 	$ 1,000
10/24/2020
	
18 25 31 33 42 03
	0 	$ 1,000 	0 	$ 1,000
10/23/2020
	
04 13 16 34 40 04
	0 	$ 1,000 	0 	$ 1,000
10/22/2020
	
14 15 26 29 52 01
	0 	$ 1,000 	0 	$ 1,000
10/21/2020
	
03 07 16 45 52 04
	0 	$ 1,000 	0 	$ 1,000
10/20/2020
	
11 25 34 42 53 02
	0 	$ 1,000 	0 	$ 1,000
10/19/2020
	
23 24 30 34 58 03
	0 	$ 1,000 	0 	$ 1,000
10/18/2020
	
10 25 33 37 53 02
	0 	$ 1,000 	0 	$ 1,000
10/17/2020
	
17 18 23 28 33 02
	0 	$ 1,000 	0 	$ 1,000
10/16/2020
	
01 02 20 36 37 01
	0 	$ 1,000 	0 	$ 1,000
10/15/2020
	
24 37 42 57 58 04
	0 	$ 1,000 	0 	$ 1,000
10/14/2020
	
31 36 45 56 60 04
	0 	$ 1,000 	0 	$ 1,000
10/13/2020
	
05 14 35 47 51 01
	0 	$ 1,000 	0 	$ 1,000
10/12/2020
	
02 14 25 32 35 01
	0 	$ 1,000 	0 	$ 1,000
10/11/2020
	
04 14 41 42 54 04
	0 	$ 1,000 	0 	$ 1,000
10/10/2020
	
05 14 20 31 42 03
	0 	$ 1,000 	0 	$ 1,000
10/09/2020
	
16 24 39 48 51 02
	0 	$ 1,000 	1 	$ 1,000
10/08/2020
	
26 31 34 40 52 01
	0 	$ 1,000 	0 	$ 1,000
10/07/2020
	
08 18 30 44 49 04
	0 	$ 1,000 	0 	$ 1,000
10/06/2020
	
02 09 34 43 52 04
	0 	$ 1,000 	0 	$ 1,000
10/05/2020
	
01 03 35 37 42 04
	0 	$ 1,000 	0 	$ 1,000
10/04/2020
	
14 33 36 50 51 03
	0 	$ 1,000 	0 	$ 1,000
10/03/2020
	
05 08 42 45 47 01
	0 	$ 1,000 	0 	$ 1,000
10/02/2020
	
02 26 29 35 53 03
	0 	$ 1,000 	0 	$ 1,000
10/01/2020
	
07 23 37 49 52 03
	0 	$ 1,000 	0 	$ 1,000
09/30/2020
	
01 16 39 41 58 04
	0 	$ 1,000 	0 	$ 1,000
09/29/2020
	
06 10 37 46 52 04
	0 	$ 1,000 	0 	$ 1,000
09/28/2020
	
04 14 16 31 47 04
	0 	$ 1,000 	0 	$ 1,000
09/27/2020
	
04 06 09 50 59 02
	0 	$ 1,000 	0 	$ 1,000
09/26/2020
	
12 15 27 45 46 01
	0 	$ 1,000 	0 	$ 1,000
09/25/2020
	
12 20 34 35 56 01
	0 	$ 1,000 	0 	$ 1,000
09/24/2020
	
18 20 43 45 60 02
	0 	$ 1,000 	0 	$ 1,000
09/23/2020
	
10 28 36 38 45 01
	0 	$ 1,000 	0 	$ 1,000
09/22/2020
	
01 08 17 20 56 01
	0 	$ 1,000 	0 	$ 1,000
09/21/2020
	
06 18 21 51 52 04
	0 	$ 1,000 	0 	$ 1,000
09/20/2020
	
09 12 29 44 57 04
	0 	$ 1,000 	0 	$ 1,000
09/19/2020
	
07 11 36 40 50 01
	0 	$ 1,000 	0 	$ 1,000
09/18/2020
	
14 33 39 46 59 01
	0 	$ 1,000 	0 	$ 1,000
09/17/2020
	
09 15 34 35 59 03
	0 	$ 1,000 	0 	$ 1,000
09/16/2020
	
06 07 30 32 39 03
	0 	$ 1,000 	0 	$ 1,000
09/15/2020
	
06 22 36 37 50 03
	0 	$ 1,000 	0 	$ 1,000
09/14/2020
	
14 35 41 43 60 03
	0 	$ 1,000 	0 	$ 1,000
09/13/2020
	
01 19 27 44 46 01
	0 	$ 1,000 	0 	$ 1,000
09/12/2020
	
11 14 20 22 32 02
	0 	$ 1,000 	0 	$ 1,000
09/11/2020
	
24 27 28 38 53 02
	0 	$ 1,000 	0 	$ 1,000
09/10/2020
	
10 18 24 27 57 03
	0 	$ 1,000 	0 	$ 1,000
09/09/2020
	
07 15 32 52 59 02
	0 	$ 1,000 	0 	$ 1,000
09/08/2020
	
02 15 18 23 53 03
	0 	$ 1,000 	0 	$ 1,000
09/07/2020
	
01 02 20 37 56 03
	0 	$ 1,000 	1 	$ 1,000
09/06/2020
	
10 17 31 35 51 03
	0 	$ 1,000 	0 	$ 1,000
09/05/2020
	
08 22 34 44 45 01
	0 	$ 1,000 	0 	$ 1,000
09/04/2020
	
09 11 15 31 44 01
	0 	$ 1,000 	0 	$ 1,000
09/03/2020
	
18 28 41 43 48 01
	0 	$ 1,000 	0 	$ 1,000
09/02/2020
	
03 06 29 42 59 02
	0 	$ 1,000 	0 	$ 1,000
09/01/2020
	
26 29 30 33 36 03
	0 	$ 1,000 	0 	$ 1,000
08/31/2020
	
12 16 20 34 40 01
	0 	$ 1,000 	1 	$ 1,000
08/30/2020
	
03 12 18 29 33 01
	0 	$ 1,000 	0 	$ 1,000
08/29/2020
	
14 32 39 41 59 01
	0 	$ 1,000 	0 	$ 1,000
08/28/2020
	
27 29 33 34 57 04
	0 	$ 1,000 	0 	$ 1,000
08/27/2020
	
06 26 30 39 41 02
	0 	$ 1,000 	0 	$ 1,000
08/26/2020
	
07 10 15 17 30 03
	0 	$ 1,000 	0 	$ 1,000
08/25/2020
	
01 12 28 47 49 04
	0 	$ 1,000 	0 	$ 1,000
08/24/2020
	
02 04 05 12 22 01
	0 	$ 1,000 	1 	$ 1,000
08/23/2020
	
06 08 27 33 39 04
	0 	$ 1,000 	0 	$ 1,000
08/22/2020
	
08 12 17 25 36 04
	0 	$ 1,000 	0 	$ 1,000
08/21/2020
	
03 30 38 40 60 03
	1 	$ 1,000 	0 	$ 1,000
08/20/2020
	
10 15 23 35 59 02
	0 	$ 1,000 	0 	$ 1,000
08/19/2020
	
16 21 32 41 56 03
	0 	$ 1,000 	0 	$ 1,000
08/18/2020
	
25 31 47 48 59 01
	0 	$ 1,000 	0 	$ 1,000
08/17/2020
	
13 23 26 32 35 04
	0 	$ 1,000 	0 	$ 1,000
08/16/2020
	
10 27 30 38 46 02
	0 	$ 1,000 	0 	$ 1,000
08/15/2020
	
04 10 20 45 54 04
	0 	$ 1,000 	0 	$ 1,000
08/14/2020
	
12 24 35 42 54 02
	0 	$ 1,000 	0 	$ 1,000
08/13/2020
	
25 31 38 48 49 03
	0 	$ 1,000 	0 	$ 1,000
08/12/2020
	
12 19 22 42 56 02
	0 	$ 1,000 	0 	$ 1,000
08/11/2020
	
27 45 46 48 60 02
	0 	$ 1,000 	0 	$ 1,000
08/10/2020
	
02 07 09 20 55 04
	0 	$ 1,000 	0 	$ 1,000
08/09/2020
	
05 13 14 26 59 02
	0 	$ 1,000 	0 	$ 1,000
08/08/2020
	
21 37 41 43 60 01
	0 	$ 1,000 	0 	$ 1,000
08/07/2020
	
04 09 45 57 60 02
	0 	$ 1,000 	0 	$ 1,000
08/06/2020
	
01 19 31 35 55 03
	0 	$ 1,000 	0 	$ 1,000
08/05/2020
	
24 27 42 44 50 02
	0 	$ 1,000 	0 	$ 1,000
08/04/2020
	
16 17 27 31 43 04
	1 	$ 1,000 	0 	$ 1,000
08/03/2020
	
10 15 28 36 48 02
	0 	$ 1,000 	0 	$ 1,000
08/02/2020
	
02 11 19 27 30 04
	0 	$ 1,000 	1 	$ 1,000
08/01/2020
	
13 23 38 48 59 04
	0 	$ 1,000 	0 	$ 1,000
07/31/2020
	
11 12 26 27 32 03
	0 	$ 1,000 	0 	$ 1,000
07/30/2020
	
08 12 18 54 58 01
	0 	$ 1,000 	0 	$ 1,000
07/29/2020
	
08 11 21 36 39 02
	1 	$ 1,000 	1 	$ 1,000
07/28/2020
	
07 14 15 19 45 04
	0 	$ 1,000 	0 	$ 1,000
07/27/2020
	
10 15 32 37 50 02
	0 	$ 1,000 	0 	$ 1,000
07/26/2020
	
04 07 34 50 54 03
	0 	$ 1,000 	0 	$ 1,000
07/25/2020
	
10 22 44 45 59 03
	0 	$ 1,000 	0 	$ 1,000
07/24/2020
	
21 24 30 31 33 02
	0 	$ 1,000 	0 	$ 1,000
07/23/2020
	
08 30 46 47 50 04
	0 	$ 1,000 	0 	$ 1,000
07/22/2020
	
07 30 47 50 58 01
	0 	$ 1,000 	0 	$ 1,000
07/21/2020
	
04 06 16 17 18 04
	0 	$ 1,000 	0 	$ 1,000
07/20/2020
	
24 33 39 40 46 04
	0 	$ 1,000 	0 	$ 1,000
07/19/2020
	
14 27 34 36 45 04
	0 	$ 1,000 	0 	$ 1,000
07/18/2020
	
06 08 48 57 60 01
	0 	$ 1,000 	0 	$ 1,000
07/17/2020
	
06 07 29 44 50 04
	0 	$ 1,000 	0 	$ 1,000
07/16/2020
	
12 21 23 25 57 02
	0 	$ 1,000 	0 	$ 1,000
07/15/2020
	
06 21 29 57 58 03
	0 	$ 1,000 	0 	$ 1,000
07/14/2020
	
11 19 31 36 37 03
	0 	$ 1,000 	0 	$ 1,000
07/13/2020
	
11 12 33 36 49 04
	0 	$ 1,000 	0 	$ 1,000
07/12/2020
	
02 11 13 43 59 04
	0 	$ 1,000 	0 	$ 1,000
07/11/2020
	
05 11 22 27 41 04
	1 	$ 1,000 	0 	$ 1,000
07/10/2020
	
13 17 27 39 50 04
	0 	$ 1,000 	0 	$ 1,000
07/09/2020
	
02 13 14 29 39 01
	0 	$ 1,000 	0 	$ 1,000
07/08/2020
	
04 13 15 19 26 01
	0 	$ 1,000 	0 	$ 1,000
07/07/2020
	
09 12 17 22 37 01
	0 	$ 1,000 	0 	$ 1,000
07/06/2020
	
19 31 33 36 37 04
	0 	$ 1,000 	0 	$ 1,000
07/05/2020
	
11 15 21 52 58 03
	0 	$ 1,000 	0 	$ 1,000
07/04/2020
	
03 09 18 19 20 01
	0 	$ 1,000 	0 	$ 1,000
07/03/2020
	
07 23 28 42 47 01
	0 	$ 1,000 	0 	$ 1,000
07/02/2020
	
11 33 42 54 57 04
	0 	$ 1,000 	0 	$ 1,000
07/01/2020
	
21 31 34 38 47 01
	0 	$ 1,000 	0 	$ 1,000
06/30/2020
	
03 15 30 32 39 04
	0 	$ 1,000 	0 	$ 1,000
06/29/2020
	
10 12 16 17 32 01
	0 	$ 1,000 	1 	$ 1,000
06/28/2020
	
15 23 44 46 54 02
	0 	$ 1,000 	0 	$ 1,000
06/27/2020
	
09 26 29 42 59 02
	0 	$ 1,000 	0 	$ 1,000
06/26/2020
	
13 14 15 35 42 04
	0 	$ 1,000 	0 	$ 1,000
06/25/2020
	
20 37 43 45 50 02
	1 	$ 1,000 	0 	$ 1,000
06/24/2020
	
25 41 57 59 60 03
	0 	$ 1,000 	1 	$ 1,000
06/23/2020
	
11 45 50 52 59 03
	0 	$ 1,000 	0 	$ 1,000
06/22/2020
	
07 14 46 48 58 04
	0 	$ 1,000 	0 	$ 1,000
06/21/2020
	
14 17 20 40 47 02
	0 	$ 1,000 	0 	$ 1,000
06/20/2020
	
05 19 22 50 54 02
	0 	$ 1,000 	0 	$ 1,000
06/19/2020
	
20 38 40 47 49 02
	0 	$ 1,000 	0 	$ 1,000
06/18/2020
	
02 29 30 37 41 03
	0 	$ 1,000 	0 	$ 1,000
06/17/2020
	
10 28 51 54 57 04
	0 	$ 1,000 	0 	$ 1,000
06/16/2020
	
06 15 29 48 56 01
	0 	$ 1,000 	0 	$ 1,000
06/15/2020
	
18 31 34 43 55 02
	0 	$ 1,000 	0 	$ 1,000
06/14/2020
	
06 10 11 19 40 02
	0 	$ 1,000 	0 	$ 1,000
06/13/2020
	
11 19 31 50 58 04
	0 	$ 1,000 	0 	$ 1,000
06/12/2020
	
01 15 20 34 56 02
	0 	$ 1,000 	0 	$ 1,000
06/11/2020
	
20 35 44 50 51 02
	0 	$ 1,000 	0 	$ 1,000
06/10/2020
	
05 22 26 41 42 02
	0 	$ 1,000 	0 	$ 1,000
06/09/2020
	
07 23 26 48 56 04
	0 	$ 1,000 	0 	$ 1,000
06/08/2020
	
06 08 22 30 39 02
	0 	$ 1,000 	0 	$ 1,000
06/07/2020
	
01 09 12 39 51 01
	0 	$ 1,000 	0 	$ 1,000
06/06/2020
	
13 24 32 40 49 03
	0 	$ 1,000 	0 	$ 1,000
06/05/2020
	
04 05 13 52 58 01
	0 	$ 1,000 	0 	$ 1,000
06/04/2020
	
01 05 21 25 60 01
	0 	$ 1,000 	0 	$ 1,000
06/03/2020
	
13 28 38 46 48 01
	0 	$ 1,000 	0 	$ 1,000
06/02/2020
	
06 11 12 29 38 03
	0 	$ 1,000 	0 	$ 1,000
06/01/2020
	
08 17 24 33 48 03
	0 	$ 1,000 	0 	$ 1,000
05/31/2020
	
02 13 29 40 44 02
	0 	$ 1,000 	0 	$ 1,000
05/30/2020
	
09 21 24 42 44 04
	0 	$ 1,000 	0 	$ 1,000
05/29/2020
	
12 21 35 43 46 03
	0 	$ 1,000 	0 	$ 1,000
05/28/2020
	
07 08 12 14 39 02
	0 	$ 1,000 	0 	$ 1,000
05/27/2020
	
03 36 44 53 56 04
	0 	$ 1,000 	0 	$ 1,000
05/26/2020
	
10 13 21 31 41 03
	0 	$ 1,000 	1 	$ 1,000
05/25/2020
	
08 14 42 46 58 03
	0 	$ 1,000 	0 	$ 1,000
05/24/2020
	
12 15 22 50 55 02
	0 	$ 1,000 	0 	$ 1,000
05/23/2020
	
04 05 14 17 24 03
	0 	$ 1,000 	0 	$ 1,000
05/22/2020
	
13 27 38 42 53 04
	0 	$ 1,000 	1 	$ 1,000
05/21/2020
	
11 19 22 24 40 02
	0 	$ 1,000 	0 	$ 1,000
05/20/2020
	
11 29 40 53 57 01
	0 	$ 1,000 	0 	$ 1,000
05/19/2020
	
07 12 24 38 60 01
	0 	$ 1,000 	0 	$ 1,000
05/18/2020
	
06 11 14 31 57 01
	0 	$ 1,000 	0 	$ 1,000
05/17/2020
	
04 07 19 26 57 03
	1 	$ 1,000 	3 	$ 1,000
05/16/2020
	
05 10 17 41 45 03
	0 	$ 1,000 	0 	$ 1,000
05/15/2020
	
02 07 23 26 51 02
	0 	$ 1,000 	0 	$ 1,000
05/14/2020
	
10 34 53 55 59 01
	0 	$ 1,000 	0 	$ 1,000
05/13/2020
	
01 18 21 43 50 01
	0 	$ 1,000 	0 	$ 1,000
05/12/2020
	
13 14 16 23 60 04
	0 	$ 1,000 	0 	$ 1,000
05/11/2020
	
29 31 39 48 57 02
	0 	$ 1,000 	0 	$ 1,000
05/10/2020
	
01 06 15 17 36 02
	0 	$ 1,000 	0 	$ 1,000
05/09/2020
	
23 38 42 54 60 01
	0 	$ 1,000 	0 	$ 1,000
05/08/2020
	
12 20 30 34 47 03
	0 	$ 1,000 	0 	$ 1,000
05/07/2020
	
28 31 40 52 54 03
	0 	$ 1,000 	0 	$ 1,000
05/06/2020
	
09 17 21 25 34 01
	1 	$ 1,000 	0 	$ 1,000
05/05/2020
	
11 32 34 52 60 02
	0 	$ 1,000 	0 	$ 1,000
05/04/2020
	
04 11 30 31 46 03
	0 	$ 1,000 	0 	$ 1,000
05/03/2020
	
19 21 22 35 48 01
	0 	$ 1,000 	0 	$ 1,000
05/02/2020
	
08 18 43 52 59 04
	0 	$ 1,000 	0 	$ 1,000
05/01/2020
	
21 34 40 49 50 01
	0 	$ 1,000 	0 	$ 1,000
04/30/2020
	
08 17 19 28 44 04
	0 	$ 1,000 	0 	$ 1,000
04/29/2020
	
03 06 13 22 57 01
	0 	$ 1,000 	0 	$ 1,000
04/28/2020
	
18 21 36 41 48 02
	0 	$ 1,000 	0 	$ 1,000
04/27/2020
	
01 42 43 57 60 02
	0 	$ 1,000 	1 	$ 1,000
04/26/2020
	
04 24 26 27 32 04
	0 	$ 1,000 	0 	$ 1,000
04/25/2020
	
27 30 35 38 43 04
	0 	$ 1,000 	0 	$ 1,000
04/24/2020
	
23 29 38 39 58 01
	0 	$ 1,000 	0 	$ 1,000
04/23/2020
	
15 22 32 35 56 03
	0 	$ 1,000 	0 	$ 1,000
04/22/2020
	
02 06 10 37 42 01
	0 	$ 1,000 	0 	$ 1,000
04/21/2020
	
08 14 43 51 59 03
	0 	$ 1,000 	0 	$ 1,000
04/20/2020
	
11 17 20 22 52 01
	0 	$ 1,000 	0 	$ 1,000
04/19/2020
	
04 08 24 50 56 03
	0 	$ 1,000 	0 	$ 1,000
04/18/2020
	
20 28 37 41 44 01
	0 	$ 1,000 	0 	$ 1,000
04/17/2020
	
07 30 39 55 56 04
	0 	$ 1,000 	0 	$ 1,000
04/16/2020
	
06 12 18 20 22 01
	0 	$ 1,000 	0 	$ 1,000
04/15/2020
	
14 26 33 42 60 02
	0 	$ 1,000 	0 	$ 1,000
04/14/2020
	
29 30 31 53 54 03
	0 	$ 1,000 	0 	$ 1,000
04/13/2020
	
08 21 54 56 59 03
	0 	$ 1,000 	0 	$ 1,000
04/12/2020
	
04 21 23 29 59 03
	0 	$ 1,000 	0 	$ 1,000
04/11/2020
	
01 19 41 42 47 03
	0 	$ 1,000 	0 	$ 1,000
04/10/2020
	
11 27 45 46 50 03
	0 	$ 1,000 	0 	$ 1,000
04/09/2020
	
05 10 11 52 59 01
	0 	$ 1,000 	0 	$ 1,000
04/08/2020
	
02 21 22 28 46 03
	0 	$ 1,000 	0 	$ 1,000
04/07/2020
	
20 37 38 49 55 03
	0 	$ 1,000 	0 	$ 1,000
04/06/2020
	
04 25 37 56 57 02
	0 	$ 1,000 	0 	$ 1,000
04/05/2020
	
24 40 49 54 57 02
	0 	$ 1,000 	0 	$ 1,000
04/04/2020
	
01 14 16 41 52 04
	0 	$ 1,000 	0 	$ 1,000
04/03/2020
	
29 32 42 51 57 01
	0 	$ 1,000 	0 	$ 1,000
04/02/2020
	
10 17 22 24 44 01
	0 	$ 1,000 	0 	$ 1,000
04/01/2020
	
05 14 18 27 46 04
	0 	$ 1,000 	0 	$ 1,000
03/31/2020
	
18 25 31 45 58 01
	0 	$ 1,000 	0 	$ 1,000
03/30/2020
	
02 07 28 30 52 03
	0 	$ 1,000 	0 	$ 1,000
03/29/2020
	
03 29 38 45 53 01
	0 	$ 1,000 	0 	$ 1,000
03/28/2020
	
21 26 35 58 59 03
	0 	$ 1,000 	0 	$ 1,000
03/27/2020
	
03 08 09 24 39 04
	0 	$ 1,000 	0 	$ 1,000
03/26/2020
	
01 41 42 47 58 02
	0 	$ 1,000 	0 	$ 1,000
03/25/2020
	
05 24 26 40 52 01
	0 	$ 1,000 	0 	$ 1,000
03/24/2020
	
06 15 18 25 49 04
	0 	$ 1,000 	0 	$ 1,000
03/23/2020
	
44 47 52 53 55 01
	0 	$ 1,000 	0 	$ 1,000
03/22/2020
	
01 34 41 43 53 02
	0 	$ 1,000 	0 	$ 1,000
03/21/2020
	
14 20 50 56 57 01
	0 	$ 1,000 	0 	$ 1,000
03/20/2020
	
13 14 16 24 30 01
	0 	$ 1,000 	0 	$ 1,000
03/19/2020
	
08 14 19 44 45 03
	0 	$ 1,000 	0 	$ 1,000
03/18/2020
	
05 14 18 23 51 01
	0 	$ 1,000 	0 	$ 1,000
03/17/2020
	
01 23 30 45 53 02
	0 	$ 1,000 	0 	$ 1,000
03/16/2020
	
10 22 34 50 55 02
	0 	$ 1,000 	0 	$ 1,000
03/15/2020
	
21 24 34 39 46 02
	0 	$ 1,000 	0 	$ 1,000
03/14/2020
	
10 12 17 43 50 02
	0 	$ 1,000 	0 	$ 1,000
03/13/2020
	
07 17 22 24 31 01
	0 	$ 1,000 	0 	$ 1,000
03/12/2020
	
18 26 36 37 38 03
	0 	$ 1,000 	0 	$ 1,000
03/11/2020
	
08 25 35 54 58 02
	0 	$ 1,000 	0 	$ 1,000
03/10/2020
	
04 08 40 42 50 02
	0 	$ 1,000 	0 	$ 1,000
03/09/2020
	
03 04 13 23 47 01
	0 	$ 1,000 	1 	$ 1,000
03/08/2020
	
12 28 34 47 49 01
	0 	$ 1,000 	0 	$ 1,000
03/07/2020
	
18 23 40 41 44 02
	0 	$ 1,000 	0 	$ 1,000
03/06/2020
	
09 27 38 41 53 04
	0 	$ 1,000 	0 	$ 1,000
03/05/2020
	
02 22 32 45 59 03
	0 	$ 1,000 	0 	$ 1,000
03/04/2020
	
08 12 17 21 34 02
	0 	$ 1,000 	0 	$ 1,000
03/03/2020
	
06 15 25 48 59 02
	0 	$ 1,000 	0 	$ 1,000
03/02/2020
	
07 26 35 39 50 04
	0 	$ 1,000 	0 	$ 1,000
03/01/2020
	
05 16 18 42 43 01
	0 	$ 1,000 	0 	$ 1,000
02/29/2020
	
27 31 40 52 53 04
	0 	$ 1,000 	0 	$ 1,000
02/28/2020
	
10 24 27 59 60 02
	0 	$ 1,000 	0 	$ 1,000
02/27/2020
	
04 09 19 31 52 04
	0 	$ 1,000 	0 	$ 1,000
02/26/2020
	
17 21 32 36 52 03
	0 	$ 1,000 	1 	$ 1,000
02/25/2020
	
01 31 34 38 47 04
	0 	$ 1,000 	0 	$ 1,000
02/24/2020
	
04 25 39 44 60 01
	0 	$ 1,000 	0 	$ 1,000
02/23/2020
	
05 26 32 46 50 02
	0 	$ 1,000 	0 	$ 1,000
02/22/2020
	
15 17 20 33 34 03
	0 	$ 1,000 	0 	$ 1,000
02/21/2020
	
28 49 56 58 59 02
	0 	$ 1,000 	0 	$ 1,000
02/20/2020
	
03 09 25 46 49 01
	0 	$ 1,000 	0 	$ 1,000
02/19/2020
	
04 11 13 14 54 03
	0 	$ 1,000 	0 	$ 1,000
02/18/2020
	
03 13 16 34 45 02
	0 	$ 1,000 	0 	$ 1,000
02/17/2020
	
16 31 35 36 37 04
	0 	$ 1,000 	0 	$ 1,000
02/16/2020
	
07 08 10 33 49 01
	0 	$ 1,000 	0 	$ 1,000
02/15/2020
	
14 30 37 39 47 02
	0 	$ 1,000 	0 	$ 1,000
02/14/2020
	
20 42 46 57 59 01
	0 	$ 1,000 	1 	$ 1,000
02/13/2020
	
01 11 27 45 47 04
	0 	$ 1,000 	0 	$ 1,000
02/12/2020
	
02 09 13 44 60 02
	0 	$ 1,000 	0 	$ 1,000
02/11/2020
	
11 22 32 34 48 02
	1 	$ 1,000 	0 	$ 1,000
02/10/2020
	
05 07 21 22 41 01
	0 	$ 1,000 	0 	$ 1,000
02/09/2020
	
04 15 27 45 54 04
	0 	$ 1,000 	0 	$ 1,000
02/08/2020
	
22 23 41 55 58 02
	0 	$ 1,000 	0 	$ 1,000
02/07/2020
	
10 15 21 49 50 01
	0 	$ 1,000 	0 	$ 1,000
02/06/2020
	
04 05 08 25 47 04
	0 	$ 1,000 	0 	$ 1,000
02/05/2020
	
03 15 27 52 54 02
	0 	$ 1,000 	0 	$ 1,000
02/04/2020
	
08 18 20 22 28 04
	0 	$ 1,000 	0 	$ 1,000
02/03/2020
	
08 30 37 58 59 01
	0 	$ 1,000 	0 	$ 1,000
02/02/2020
	
19 22 29 36 60 04
	0 	$ 1,000 	0 	$ 1,000
02/01/2020
	
01 12 22 33 42 04
	0 	$ 1,000 	0 	$ 1,000
01/31/2020
	
20 22 40 50 53 02
	0 	$ 1,000 	0 	$ 1,000
01/30/2020
	
06 11 41 49 58 03
	0 	$ 1,000 	0 	$ 1,000
01/29/2020
	
19 27 40 41 58 01
	0 	$ 1,000 	0 	$ 1,000
01/28/2020
	
04 09 18 20 56 04
	0 	$ 1,000 	0 	$ 1,000
01/27/2020
	
02 19 26 36 55 01
	1 	$ 1,000 	0 	$ 1,000
01/26/2020
	
23 44 48 50 60 02
	0 	$ 1,000 	0 	$ 1,000
01/25/2020
	
18 21 37 49 57 01
	0 	$ 1,000 	1 	$ 1,000
01/24/2020
	
05 13 19 41 57 03
	0 	$ 1,000 	0 	$ 1,000
01/23/2020
	
14 21 24 49 60 03
	0 	$ 1,000 	0 	$ 1,000
01/22/2020
	
02 28 29 45 46 03
	0 	$ 1,000 	0 	$ 1,000
01/21/2020
	
08 15 16 41 55 03
	0 	$ 1,000 	0 	$ 1,000
01/20/2020
	
04 23 54 56 57 04
	0 	$ 1,000 	0 	$ 1,000
01/19/2020
	
19 32 38 51 57 03
	0 	$ 1,000 	0 	$ 1,000
01/18/2020
	
17 28 36 40 60 04
	0 	$ 1,000 	0 	$ 1,000
01/17/2020
	
14 32 37 43 56 01
	0 	$ 1,000 	0 	$ 1,000
01/16/2020
	
01 09 25 38 57 02
	0 	$ 1,000 	0 	$ 1,000
01/15/2020
	
14 16 18 25 46 04
	0 	$ 1,000 	1 	$ 1,000
01/14/2020
	
16 21 28 45 51 04
	0 	$ 1,000 	0 	$ 1,000
01/13/2020
	
07 08 16 20 35 02
	0 	$ 1,000 	0 	$ 1,000
01/12/2020
	
18 23 25 49 51 01
	0 	$ 1,000 	0 	$ 1,000
01/11/2020
	
17 20 23 46 57 01
	0 	$ 1,000 	0 	$ 1,000
01/10/2020
	
01 03 26 27 44 02
	0 	$ 1,000 	0 	$ 1,000
01/09/2020
	
07 17 42 50 51 02
	0 	$ 1,000 	0 	$ 1,000
01/08/2020
	
03 13 32 41 42 03
	0 	$ 1,000 	0 	$ 1,000
01/07/2020
	
11 13 28 58 59 02
	0 	$ 1,000 	0 	$ 1,000
01/06/2020
	
22 32 33 35 43 02
	0 	$ 1,000 	0 	$ 1,000
01/05/2020
	
41 43 45 59 60 04
	0 	$ 1,000 	0 	$ 1,000
01/04/2020
	
04 07 19 26 47 03
	0 	$ 1,000 	0 	$ 1,000
01/03/2020
	
36 40 53 55 56 03
	0 	$ 1,000 	0 	$ 1,000
01/02/2020
	
07 30 39 44 48 04
	0 	$ 1,000 	0 	$ 1,000
01/01/2020
	
02 17 26 44 46 03
	0 	$ 1,000 	0 	$ 1,000
12/31/2019
	
10 22 26 28 39 02
	0 	$ 1,000 	0 	$ 1,000
12/30/2019
	
08 32 39 58 60 04
	0 	$ 1,000 	0 	$ 1,000
12/29/2019
	
01 19 20 25 36 03
	0 	$ 1,000 	0 	$ 1,000
12/28/2019
	
17 33 42 43 55 03
	0 	$ 1,000 	0 	$ 1,000
12/27/2019
	
02 08 35 41 47 01
	0 	$ 1,000 	0 	$ 1,000
12/26/2019
	
02 11 29 44 59 02
	0 	$ 1,000 	0 	$ 1,000 	
12/25/2019
	
05 07 15 24 37 01
	0 	$ 1,000 	0 	$ 1,000
12/24/2019
	
06 08 16 23 57 04
	0 	$ 1,000 	0 	$ 1,000
12/23/2019
	
01 09 40 53 58 03
	0 	$ 1,000 	0 	$ 1,000
12/22/2019
	
32 36 38 42 54 03
	0 	$ 1,000 	0 	$ 1,000
12/21/2019
	
05 15 24 30 59 03
	0 	$ 1,000 	0 	$ 1,000
12/20/2019
	
09 27 40 48 58 01
	0 	$ 1,000 	0 	$ 1,000
12/19/2019
	
06 15 35 44 59 03
	0 	$ 1,000 	0 	$ 1,000
12/18/2019
	
22 43 49 50 57 02
	0 	$ 1,000 	0 	$ 1,000
12/17/2019
	
14 16 17 24 43 01
	0 	$ 1,000 	0 	$ 1,000
12/16/2019
	
26 30 35 36 58 02
	0 	$ 1,000 	0 	$ 1,000
12/15/2019
	
03 10 16 35 38 02
	0 	$ 1,000 	0 	$ 1,000
12/14/2019
	
02 11 25 40 44 01
	0 	$ 1,000 	0 	$ 1,000
12/13/2019
	
27 40 45 46 60 02
	0 	$ 1,000 	0 	$ 1,000
12/12/2019
	
06 21 49 53 55 01
	0 	$ 1,000 	0 	$ 1,000
12/11/2019
	
03 08 11 30 48 01
	0 	$ 1,000 	0 	$ 1,000
12/10/2019
	
21 32 36 39 53 01
	0 	$ 1,000 	0 	$ 1,000
12/09/2019
	
01 30 42 47 52 01
	0 	$ 1,000 	0 	$ 1,000
12/08/2019
	
17 18 21 44 50 01
	0 	$ 1,000 	0 	$ 1,000
12/07/2019
	
02 27 48 55 60 03
	0 	$ 1,000 	0 	$ 1,000
12/06/2019
	
03 11 18 23 49 04
	0 	$ 1,000 	0 	$ 1,000
12/05/2019
	
03 15 42 45 50 03
	0 	$ 1,000 	0 	$ 1,000
12/04/2019
	
23 44 46 49 56 03
	0 	$ 1,000 	0 	$ 1,000
12/03/2019
	
06 13 15 22 51 03
	0 	$ 1,000 	0 	$ 1,000
12/02/2019
	
15 20 36 44 46 02
	0 	$ 1,000 	0 	$ 1,000
12/01/2019
	
08 10 36 45 60 03
	0 	$ 1,000 	0 	$ 1,000
11/30/2019
	
13 16 34 46 55 02
	0 	$ 1,000 	0 	$ 1,000
11/29/2019
	
14 18 42 43 51 01
	0 	$ 1,000 	0 	$ 1,000
11/28/2019
	
19 26 48 51 53 04
	0 	$ 1,000 	0 	$ 1,000
11/27/2019
	
07 09 15 16 43 02
	0 	$ 1,000 	0 	$ 1,000
11/26/2019
	
01 04 16 30 40 04
	0 	$ 1,000 	0 	$ 1,000
11/25/2019
	
26 30 40 53 54 04
	0 	$ 1,000 	0 	$ 1,000
11/24/2019
	
06 07 11 14 36 01
	0 	$ 1,000 	0 	$ 1,000
11/23/2019
	
14 15 22 35 41 04
	0 	$ 1,000 	1 	$ 1,000
11/22/2019
	
13 14 27 47 48 02
	0 	$ 1,000 	0 	$ 1,000
11/21/2019
	
01 25 35 42 51 03
	0 	$ 1,000 	0 	$ 1,000
11/20/2019
	
17 21 31 49 51 02
	0 	$ 1,000 	0 	$ 1,000
11/19/2019
	
10 14 40 46 49 03
	0 	$ 1,000 	0 	$ 1,000
11/18/2019
	
25 34 35 46 59 04
	0 	$ 1,000 	0 	$ 1,000
11/17/2019
	
01 02 26 47 56 01
	0 	$ 1,000 	0 	$ 1,000
11/16/2019
	
02 09 15 45 57 02
	0 	$ 1,000 	0 	$ 1,000
11/15/2019
	
12 21 28 46 56 04
	0 	$ 1,000 	0 	$ 1,000
11/14/2019
	
06 29 33 44 56 04
	0 	$ 1,000 	0 	$ 1,000
11/13/2019
	
01 36 40 54 55 03
	0 	$ 1,000 	0 	$ 1,000
11/12/2019
	
04 11 14 15 60 04
	0 	$ 1,000 	1 	$ 1,000
11/11/2019
	
07 14 27 28 39 01
	0 	$ 1,000 	0 	$ 1,000
11/10/2019
	
11 18 30 32 44 02
	0 	$ 1,000 	0 	$ 1,000
11/09/2019
	
12 15 33 34 44 04
	0 	$ 1,000 	0 	$ 1,000
11/08/2019
	
11 21 31 52 57 03
	0 	$ 1,000 	0 	$ 1,000
11/07/2019
	
06 17 32 45 47 02
	0 	$ 1,000 	0 	$ 1,000
11/06/2019
	
01 07 21 36 47 04
	0 	$ 1,000 	0 	$ 1,000
11/05/2019
	
10 26 43 47 56 03
	0 	$ 1,000 	0 	$ 1,000
11/04/2019
	
04 13 48 49 53 03
	1 	$ 1,000 	0 	$ 1,000
11/03/2019
	
05 13 14 16 45 02
	0 	$ 1,000 	0 	$ 1,000
11/02/2019
	
12 14 16 17 28 04
	0 	$ 1,000 	0 	$ 1,000
11/01/2019
	
12 15 16 38 57 04
	0 	$ 1,000 	0 	$ 1,000
10/31/2019
	
18 25 28 41 47 03
	0 	$ 1,000 	0 	$ 1,000
10/30/2019
	
01 03 15 26 53 03
	0 	$ 1,000 	0 	$ 1,000
10/29/2019
	
23 31 45 48 58 04
	0 	$ 1,000 	0 	$ 1,000
10/28/2019
	
06 14 30 51 57 02
	0 	$ 1,000 	0 	$ 1,000
10/27/2019
	
01 05 10 30 54 04
	0 	$ 1,000 	0 	$ 1,000
10/26/2019
	
02 07 11 39 53 02
	0 	$ 1,000 	0 	$ 1,000
10/25/2019
	
01 23 40 58 60 01
	0 	$ 1,000 	0 	$ 1,000
10/24/2019
	
07 11 31 47 49 01
	0 	$ 1,000 	0 	$ 1,000
10/23/2019
	
09 16 17 30 44 04
	0 	$ 1,000 	0 	$ 1,000
10/22/2019
	
10 14 25 36 52 02
	0 	$ 1,000 	0 	$ 1,000
10/21/2019
	
28 32 36 43 46 01
	0 	$ 1,000 	0 	$ 1,000
10/20/2019
	
12 22 26 35 60 01
	0 	$ 1,000 	0 	$ 1,000
10/19/2019
	
13 29 43 44 50 03
	0 	$ 1,000 	0 	$ 1,000
10/18/2019
	
07 22 23 30 43 02
	1 	$ 1,000 	0 	$ 1,000
10/17/2019
	
03 04 41 55 60 01
	0 	$ 1,000 	0 	$ 1,000
10/16/2019
	
10 20 30 32 50 03
	0 	$ 1,000 	0 	$ 1,000
10/15/2019
	
04 12 42 49 58 03
	0 	$ 1,000 	0 	$ 1,000
10/14/2019
	
03 04 29 40 60 03
	0 	$ 1,000 	0 	$ 1,000
10/13/2019
	
02 34 47 51 58 03
	0 	$ 1,000 	0 	$ 1,000
10/12/2019
	
11 24 47 53 58 04
	0 	$ 1,000 	0 	$ 1,000
10/11/2019
	
17 33 37 51 56 01
	0 	$ 1,000 	0 	$ 1,000
10/10/2019
	
15 20 26 46 50 04
	0 	$ 1,000 	0 	$ 1,000
10/09/2019
	
04 14 30 44 45 01
	0 	$ 1,000 	0 	$ 1,000
10/08/2019
	
13 56 57 58 59 01
	0 	$ 1,000 	0 	$ 1,000
10/07/2019
	
15 16 33 34 49 02
	0 	$ 1,000 	0 	$ 1,000
10/06/2019
	
36 48 54 56 57 02
	0 	$ 1,000 	0 	$ 1,000
10/05/2019
	
01 05 20 21 57 01
	0 	$ 1,000 	0 	$ 1,000
10/04/2019
	
02 08 23 34 54 03
	0 	$ 1,000 	0 	$ 1,000
10/03/2019
	
01 25 53 56 58 02
	0 	$ 1,000 	0 	$ 1,000
10/02/2019
	
27 42 43 50 54 01
	0 	$ 1,000 	0 	$ 1,000
10/01/2019
	
08 12 51 58 60 03
	0 	$ 1,000 	0 	$ 1,000
09/30/2019
	
02 03 09 38 54 04
	0 	$ 1,000 	0 	$ 1,000
09/29/2019
	
28 41 48 51 57 02
	0 	$ 1,000 	0 	$ 1,000
09/28/2019
	
18 20 42 51 58 04
	0 	$ 1,000 	0 	$ 1,000
09/27/2019
	
20 26 38 40 60 03
	0 	$ 1,000 	0 	$ 1,000
09/26/2019
	
01 05 48 50 51 01
	0 	$ 1,000 	0 	$ 1,000
09/25/2019
	
06 34 36 48 55 01
	0 	$ 1,000 	0 	$ 1,000
09/24/2019
	
11 25 32 35 41 03
	0 	$ 1,000 	0 	$ 1,000
09/23/2019
	
29 36 37 40 49 01
	0 	$ 1,000 	0 	$ 1,000
09/22/2019
	
17 22 23 30 59 04
	0 	$ 1,000 	0 	$ 1,000
09/21/2019
	
13 21 23 26 48 04
	0 	$ 1,000 	0 	$ 1,000
09/20/2019
	
03 23 28 31 32 01
	1 	$ 1,000 	0 	$ 1,000
09/19/2019
	
08 11 15 22 29 03
	0 	$ 1,000 	0 	$ 1,000
09/18/2019
	
09 13 29 39 46 03
	0 	$ 1,000 	0 	$ 1,000
09/17/2019
	
03 09 14 48 57 03
	0 	$ 1,000 	0 	$ 1,000
09/16/2019
	
02 07 10 32 53 03
	0 	$ 1,000 	0 	$ 1,000
09/15/2019
	
20 34 42 46 48 04
	0 	$ 1,000 	0 	$ 1,000
09/14/2019
	
02 18 39 45 60 01
	0 	$ 1,000 	1 	$ 1,000
09/13/2019
	
03 28 32 49 56 02
	0 	$ 1,000 	0 	$ 1,000
09/12/2019
	
10 15 35 42 54 03
	1 	$ 1,000 	0 	$ 1,000
09/11/2019
	
03 07 19 31 38 04
	0 	$ 1,000 	0 	$ 1,000
09/10/2019
	
11 14 35 43 53 03
	0 	$ 1,000 	0 	$ 1,000
09/09/2019
	
12 18 19 33 39 03
	0 	$ 1,000 	0 	$ 1,000
09/08/2019
	
05 10 34 41 47 01
	0 	$ 1,000 	0 	$ 1,000
09/07/2019
	
13 24 26 34 56 01
	0 	$ 1,000 	1 	$ 1,000
09/06/2019
	
06 18 24 25 51 03
	0 	$ 1,000 	0 	$ 1,000
09/05/2019
	
09 25 32 36 60 03
	0 	$ 1,000 	0 	$ 1,000
09/04/2019
	
08 18 19 34 36 04
	0 	$ 1,000 	0 	$ 1,000
09/03/2019
	
05 16 20 29 45 03
	0 	$ 1,000 	0 	$ 1,000
09/02/2019
	
06 09 22 46 48 03
	0 	$ 1,000 	0 	$ 1,000
09/01/2019
	
08 13 17 48 57 04
	0 	$ 1,000 	0 	$ 1,000
08/31/2019
	
01 26 41 45 59 03
	0 	$ 1,000 	0 	$ 1,000
08/30/2019
	
17 21 35 43 50 03
	0 	$ 1,000 	0 	$ 1,000
08/29/2019
	
08 09 15 46 48 04
	0 	$ 1,000 	0 	$ 1,000
08/28/2019
	
24 27 33 47 49 02
	0 	$ 1,000 	0 	$ 1,000
08/27/2019
	
17 22 47 55 60 01
	0 	$ 1,000 	0 	$ 1,000
08/26/2019
	
19 23 34 47 49 02
	0 	$ 1,000 	0 	$ 1,000
08/25/2019
	
13 16 31 34 50 03
	0 	$ 1,000 	0 	$ 1,000
08/24/2019
	
05 27 40 43 50 01
	0 	$ 1,000 	0 	$ 1,000
08/23/2019
	
18 34 37 45 55 04
	0 	$ 1,000 	1 	$ 1,000
08/22/2019
	
11 32 37 39 54 02
	0 	$ 1,000 	0 	$ 1,000
08/21/2019
	
05 31 35 43 50 04
	0 	$ 1,000 	0 	$ 1,000
08/20/2019
	
03 14 17 23 54 01
	0 	$ 1,000 	0 	$ 1,000
08/19/2019
	
01 15 31 43 56 04
	0 	$ 1,000 	0 	$ 1,000
08/18/2019
	
21 23 35 44 46 02
	0 	$ 1,000 	0 	$ 1,000
08/17/2019
	
05 08 09 14 25 03
	0 	$ 1,000 	0 	$ 1,000
08/16/2019
	
24 28 35 38 56 01
	0 	$ 1,000 	0 	$ 1,000
08/15/2019
	
09 16 19 37 52 02
	0 	$ 1,000 	0 	$ 1,000
08/14/2019
	
07 38 45 47 57 04
	0 	$ 1,000 	0 	$ 1,000
08/13/2019
	
03 14 17 41 56 03
	0 	$ 1,000 	0 	$ 1,000
08/12/2019
	
07 15 31 50 57 01
	0 	$ 1,000 	0 	$ 1,000
08/11/2019
	
01 15 22 25 37 03
	0 	$ 1,000 	0 	$ 1,000
08/10/2019
	
01 07 16 23 35 01
	0 	$ 1,000 	0 	$ 1,000
08/09/2019
	
02 10 35 42 56 02
	0 	$ 1,000 	0 	$ 1,000
08/08/2019
	
04 20 37 40 44 01
	0 	$ 1,000 	0 	$ 1,000
08/07/2019
	
04 13 44 50 59 01
	0 	$ 1,000 	0 	$ 1,000
08/06/2019
	
20 26 29 34 60 04
	0 	$ 1,000 	0 	$ 1,000
08/05/2019
	
09 19 24 34 56 03
	1 	$ 1,000 	0 	$ 1,000
08/04/2019
	
01 15 17 43 49 04
	0 	$ 1,000 	0 	$ 1,000
08/03/2019
	
01 06 19 47 55 01
	0 	$ 1,000 	1 	$ 1,000
08/02/2019
	
07 27 54 57 58 03
	0 	$ 1,000 	0 	$ 1,000
08/01/2019
	
04 15 32 58 60 01
	0 	$ 1,000 	0 	$ 1,000
07/31/2019
	
39 41 42 44 47 02
	0 	$ 1,000 	0 	$ 1,000
07/30/2019
	
06 10 19 26 42 04
	0 	$ 1,000 	1 	$ 1,000
07/29/2019
	
05 13 30 31 45 03
	0 	$ 1,000 	0 	$ 1,000
07/28/2019
	
10 11 38 50 54 02
	0 	$ 1,000 	0 	$ 1,000
07/27/2019
	
04 06 21 26 52 01
	0 	$ 1,000 	0 	$ 1,000
07/26/2019
	
03 20 29 40 57 01
	0 	$ 1,000 	0 	$ 1,000
07/25/2019
	
13 25 35 37 57 02
	0 	$ 1,000 	0 	$ 1,000
07/24/2019
	
09 19 28 54 60 01
	0 	$ 1,000 	0 	$ 1,000
07/23/2019
	
24 46 50 55 60 02
	0 	$ 1,000 	0 	$ 1,000
07/22/2019
	
05 21 28 56 58 03
	0 	$ 1,000 	1 	$ 1,000
07/21/2019
	
05 13 25 50 58 02
	0 	$ 1,000 	0 	$ 1,000
07/20/2019
	
04 24 39 58 59 04
	0 	$ 1,000 	0 	$ 1,000
07/19/2019
	
11 22 34 51 59 04
	0 	$ 1,000 	0 	$ 1,000
07/18/2019
	
23 25 27 31 40 02
	0 	$ 1,000 	0 	$ 1,000
07/17/2019
	
09 18 35 59 60 03
	0 	$ 1,000 	0 	$ 1,000
07/16/2019
	
14 15 19 25 29 04
	0 	$ 1,000 	0 	$ 1,000
07/15/2019
	
07 25 33 38 47 03
	0 	$ 1,000 	0 	$ 1,000
07/14/2019
	
12 18 20 30 44 02
	0 	$ 1,000 	1 	$ 1,000
07/13/2019
	
02 05 16 30 59 03
	0 	$ 1,000 	0 	$ 1,000
07/12/2019
	
07 31 38 51 59 01
	0 	$ 1,000 	0 	$ 1,000
07/11/2019
	
04 29 40 47 48 02
	0 	$ 1,000 	1 	$ 1,000
07/10/2019
	
09 20 34 58 60 04
	0 	$ 1,000 	0 	$ 1,000
07/09/2019
	
08 10 18 24 48 04
	0 	$ 1,000 	0 	$ 1,000
07/08/2019
	
07 15 19 45 55 03
	0 	$ 1,000 	0 	$ 1,000
07/07/2019
	
04 24 34 39 55 03
	0 	$ 1,000 	0 	$ 1,000
07/06/2019
	
01 05 28 32 53 01
	0 	$ 1,000 	0 	$ 1,000
07/05/2019
	
15 39 40 43 53 02
	0 	$ 1,000 	0 	$ 1,000
07/04/2019
	
02 09 18 25 51 03
	0 	$ 1,000 	0 	$ 1,000
07/03/2019
	
06 08 51 55 57 03
	0 	$ 1,000 	0 	$ 1,000
07/02/2019
	
05 10 41 53 54 02
	0 	$ 1,000 	0 	$ 1,000
07/01/2019
	
08 32 34 45 51 03
	0 	$ 1,000 	0 	$ 1,000
06/27/2019
	
11 14 17 28 39 01
	0 	$ 1,000 	0 	$ 1,000
06/24/2019
	
07 10 18 21 28 04
	1 	$ 1,000 	1 	$ 1,000
06/20/2019
	
34 43 45 56 57 02
	0 	$ 1,000 	0 	$ 1,000
06/17/2019
	
31 36 45 46 59 04
	0 	$ 1,000 	0 	$ 1,000
06/13/2019
	
13 27 32 35 40 02
	0 	$ 1,000 	1 	$ 1,000
06/10/2019
	
25 28 38 40 48 02
	0 	$ 1,000 	1 	$ 1,000
06/06/2019
	
06 16 27 41 58 03
	0 	$ 1,000 	0 	$ 1,000
06/03/2019
	
17 25 45 53 59 02
	0 	$ 1,000 	0 	$ 1,000
05/30/2019
	
02 23 40 51 59 01
	0 	$ 1,000 	0 	$ 1,000
05/27/2019
	
22 24 33 36 51 01
	0 	$ 1,000 	0 	$ 1,000
05/23/2019
	
34 38 40 41 49 04
	0 	$ 1,000 	0 	$ 1,000
05/20/2019
	
04 11 14 20 24 04
	0 	$ 1,000 	0 	$ 1,000
05/16/2019
	
01 36 45 53 56 01
	0 	$ 1,000 	0 	$ 1,000
05/13/2019
	
27 29 39 42 50 03
	0 	$ 1,000 	0 	$ 1,000
05/09/2019
	
12 22 27 43 46 03
	0 	$ 1,000 	0 	$ 1,000
05/06/2019
	
32 34 47 48 51 03
	0 	$ 1,000 	0 	$ 1,000
05/02/2019
	
06 10 16 36 45 02
	0 	$ 1,000 	0 	$ 1,000
04/29/2019
	
01 21 24 30 35 01
	0 	$ 1,000 	0 	$ 1,000
04/25/2019
	
37 47 52 55 60 03
	0 	$ 1,000 	0 	$ 1,000
04/22/2019
	
17 20 24 33 57 04
	0 	$ 1,000 	1 	$ 1,000
04/18/2019
	
22 30 33 49 55 01
	0 	$ 1,000 	0 	$ 1,000
04/15/2019
	
03 13 19 36 50 02
	0 	$ 1,000 	2 	$ 1,000
04/11/2019
	
06 09 34 37 43 04
	1 	$ 1,000 	1 	$ 1,000
04/08/2019
	
03 11 23 34 36 02
	0 	$ 1,000 	1 	$ 1,000
04/04/2019
	
03 06 08 09 35 04
	1 	$ 1,000 	1 	$ 1,000
04/01/2019
	
02 37 43 48 51 03
	0 	$ 1,000 	0 	$ 1,000
03/28/2019
	
04 06 21 37 58 01
	0 	$ 1,000 	0 	$ 1,000
03/25/2019
	
17 25 33 47 51 04
	0 	$ 1,000 	0 	$ 1,000
03/21/2019
	
15 21 27 31 52 04
	0 	$ 1,000 	0 	$ 1,000
03/18/2019
	
11 26 39 49 50 02
	0 	$ 1,000 	0 	$ 1,000
03/14/2019
	
11 13 32 51 55 01
	0 	$ 1,000 	0 	$ 1,000
03/11/2019
	
12 17 18 38 46 02
	0 	$ 1,000 	0 	$ 1,000
03/07/2019
	
07 14 20 38 58 01
	0 	$ 1,000 	0 	$ 1,000
03/04/2019
	
06 09 45 49 55 04
	0 	$ 1,000 	0 	$ 1,000
02/28/2019
	
03 15 18 21 35 02
	0 	$ 1,000 	0 	$ 1,000 	
02/25/2019
	
18 24 42 55 58 03
	0 	$ 1,000 	0 	$ 1,000
02/21/2019
	
03 04 34 38 39 02
	0 	$ 1,000 	0 	$ 1,000
02/18/2019
	
01 37 39 48 54 04
	0 	$ 1,000 	0 	$ 1,000
02/14/2019
	
07 10 21 33 48 02
	0 	$ 1,000 	0 	$ 1,000
02/11/2019
	
01 02 39 50 60 04
	0 	$ 1,000 	0 	$ 1,000
02/07/2019
	
20 28 50 51 60 03
	0 	$ 1,000 	0 	$ 1,000
02/04/2019
	
03 17 33 39 40 04
	0 	$ 1,000 	0 	$ 1,000
01/31/2019
	
14 16 26 39 56 04
	0 	$ 1,000 	0 	$ 1,000
01/28/2019
	
22 24 26 42 51 03
	0 	$ 1,000 	0 	$ 1,000
01/24/2019
	
13 34 36 49 55 03
	0 	$ 1,000 	0 	$ 1,000
01/21/2019
	
04 08 27 28 32 04
	0 	$ 1,000 	0 	$ 1,000
01/17/2019
	
01 22 23 29 52 02
	0 	$ 1,000 	1 	$ 1,000
01/14/2019
	
17 18 42 50 57 01
	0 	$ 1,000 	0 	$ 1,000
01/10/2019
	
05 44 45 47 54 03
	0 	$ 1,000 	0 	$ 1,000
01/07/2019
	
20 27 34 57 59 02
	0 	$ 1,000 	0 	$ 1,000
01/03/2019
	
05 09 25 33 55 02
	0 	$ 1,000 	0 	$ 1,000
12/31/2018
	
18 28 39 46 54 02
	0 	$ 1,000 	0 	$ 1,000
12/27/2018
	
01 07 36 50 52 04
	0 	$ 1,000 	0 	$ 1,000
12/24/2018
	
03 28 31 37 40 02
	0 	$ 1,000 	1 	$ 1,000
12/20/2018
	
04 29 30 40 47 04
	0 	$ 1,000 	0 	$ 1,000
12/17/2018
	
09 19 21 44 50 01
	0 	$ 1,000 	0 	$ 1,000
12/13/2018
	
04 11 18 23 47 02
	0 	$ 1,000 	0 	$ 1,000
12/10/2018
	
11 28 41 47 53 03
	0 	$ 1,000 	1 	$ 1,000
12/06/2018
	
28 32 35 42 48 04
	0 	$ 1,000 	0 	$ 1,000
12/03/2018
	
05 30 40 58 60 04
	0 	$ 1,000 	0 	$ 1,000
11/29/2018
	
29 41 48 52 57 04
	0 	$ 1,000 	0 	$ 1,000
11/26/2018
	
18 32 35 52 58 02
	0 	$ 1,000 	0 	$ 1,000
11/22/2018
	
18 24 41 43 55 04
	0 	$ 1,000 	0 	$ 1,000
11/19/2018
	
14 16 28 46 49 04
	0 	$ 1,000 	0 	$ 1,000
11/15/2018
	
15 24 36 37 41 02
	0 	$ 1,000 	0 	$ 1,000
11/12/2018
	
04 15 44 51 52 02
	0 	$ 1,000 	0 	$ 1,000
11/08/2018
	
31 35 42 44 52 04
	0 	$ 1,000 	0 	$ 1,000
11/05/2018
	
19 39 40 47 60 04
	1 	$ 1,000 	0 	$ 1,000
11/01/2018
	
03 11 32 51 56 02
	0 	$ 1,000 	0 	$ 1,000
10/29/2018
	
07 23 25 35 38 04
	0 	$ 1,000 	1 	$ 1,000
10/25/2018
	
27 33 34 42 43 04
	0 	$ 1,000 	0 	$ 1,000
10/22/2018
	
01 11 19 24 46 01
	0 	$ 1,000 	0 	$ 1,000
10/18/2018
	
07 08 16 20 44 03
	1 	$ 1,000 	0 	$ 1,000
10/15/2018
	
21 23 31 55 57 04
	0 	$ 1,000 	0 	$ 1,000
10/11/2018
	
21 27 46 51 53 04
	0 	$ 1,000 	0 	$ 1,000
10/08/2018
	
11 26 30 41 45 01
	0 	$ 1,000 	0 	$ 1,000
10/04/2018
	
06 08 26 34 42 03
	0 	$ 1,000 	0 	$ 1,000
10/01/2018
	
02 21 31 36 52 01
	0 	$ 1,000 	0 	$ 1,000
09/27/2018
	
21 25 34 38 42 02
	0 	$ 1,000 	0 	$ 1,000
09/24/2018
	
07 19 22 37 49 01
	0 	$ 1,000 	0 	$ 1,000
09/20/2018
	
26 32 47 49 51 02
	0 	$ 1,000 	0 	$ 1,000
09/17/2018
	
12 13 26 43 54 03
	0 	$ 1,000 	0 	$ 1,000
09/13/2018
	
21 26 42 51 59 01
	0 	$ 1,000 	1 	$ 1,000
09/10/2018
	
08 13 19 41 42 04
	0 	$ 1,000 	0 	$ 1,000
09/06/2018
	
06 11 13 32 38 03
	0 	$ 1,000 	0 	$ 1,000
09/03/2018
	
19 22 24 31 37 01
	0 	$ 1,000 	0 	$ 1,000
08/30/2018
	
05 45 50 52 53 01
	0 	$ 1,000 	0 	$ 1,000
08/27/2018
	
18 22 30 35 53 01
	0 	$ 1,000 	0 	$ 1,000
08/23/2018
	
05 23 26 31 51 03
	0 	$ 1,000 	0 	$ 1,000
08/20/2018
	
06 23 27 45 54 01
	0 	$ 1,000 	0 	$ 1,000
08/16/2018
	
09 25 28 29 48 01
	0 	$ 1,000 	0 	$ 1,000
08/13/2018
	
07 09 17 39 58 04
	0 	$ 1,000 	0 	$ 1,000
08/09/2018
	
01 24 26 48 60 01
	0 	$ 1,000 	0 	$ 1,000
08/06/2018
	
13 50 53 58 60 03
	0 	$ 1,000 	0 	$ 1,000
08/02/2018
	
01 10 14 29 30 01
	0 	$ 1,000 	1 	$ 1,000
07/30/2018
	
21 45 48 51 58 01
	0 	$ 1,000 	0 	$ 1,000
07/26/2018
	
02 20 33 38 45 04
	0 	$ 1,000 	0 	$ 1,000
07/23/2018
	
04 13 25 27 58 04
	0 	$ 1,000 	0 	$ 1,000
07/19/2018
	
09 12 20 38 52 01
	0 	$ 1,000 	0 	$ 1,000
07/16/2018
	
17 18 45 46 55 01
	0 	$ 1,000 	1 	$ 1,000
07/12/2018
	
01 20 28 48 56 04
	0 	$ 1,000 	2 	$ 1,000
07/09/2018
	
09 12 16 20 60 01
	0 	$ 1,000 	0 	$ 1,000
07/05/2018
	
16 21 28 31 44 04
	0 	$ 1,000 	0 	$ 1,000
07/02/2018
	
04 13 24 53 59 01
	0 	$ 1,000 	0 	$ 1,000
06/28/2018
	
04 13 17 34 49 01
	0 	$ 1,000 	1 	$ 1,000
06/25/2018
	
12 33 37 55 58 04
	0 	$ 1,000 	0 	$ 1,000
06/21/2018
	
03 13 16 17 24 03
	1 	$ 1,000 	0 	$ 1,000
06/18/2018
	
04 27 28 40 59 02
	0 	$ 1,000 	0 	$ 1,000
06/14/2018
	
12 14 24 27 55 04
	0 	$ 1,000 	0 	$ 1,000
06/11/2018
	
14 32 33 43 55 04
	0 	$ 1,000 	0 	$ 1,000
06/07/2018
	
17 22 38 42 45 04
	0 	$ 1,000 	0 	$ 1,000
06/04/2018
	
04 13 30 38 53 03
	0 	$ 1,000 	0 	$ 1,000
05/31/2018
	
01 28 42 47 55 04
	0 	$ 1,000 	0 	$ 1,000
05/28/2018
	
13 29 31 34 47 01
	0 	$ 1,000 	0 	$ 1,000
05/24/2018
	
05 13 35 49 56 02
	0 	$ 1,000 	0 	$ 1,000
05/21/2018
	
08 18 22 37 44 01
	0 	$ 1,000 	2 	$ 1,000
05/17/2018
	
08 40 41 43 51 02
	0 	$ 1,000 	0 	$ 1,000
05/14/2018
	
01 04 06 13 32 02
	0 	$ 1,000 	0 	$ 1,000
05/10/2018
	
11 36 41 43 48 04
	0 	$ 1,000 	1 	$ 1,000
05/07/2018
	
04 15 19 22 51 02
	0 	$ 1,000 	0 	$ 1,000
05/03/2018
	
02 07 11 30 59 03
	0 	$ 1,000 	0 	$ 1,000
04/30/2018
	
02 11 14 45 49 03
	0 	$ 1,000 	0 	$ 1,000
04/26/2018
	
07 32 33 36 59 03
	0 	$ 1,000 	0 	$ 1,000
04/23/2018
	
16 21 22 47 52 03
	0 	$ 1,000 	0 	$ 1,000
04/19/2018
	
04 15 28 35 42 02
	0 	$ 1,000 	1 	$ 1,000
04/16/2018
	
08 11 15 26 50 03
	0 	$ 1,000 	0 	$ 1,000
04/12/2018
	
02 06 14 22 40 01
	0 	$ 1,000 	0 	$ 1,000
04/09/2018
	
10 19 29 45 48 04
	0 	$ 1,000 	0 	$ 1,000
04/05/2018
	
03 10 21 24 59 01
	0 	$ 1,000 	0 	$ 1,000
04/02/2018
	
07 12 21 24 40 02
	0 	$ 1,000 	0 	$ 1,000
03/29/2018
	
34 35 36 46 58 01
	0 	$ 1,000 	0 	$ 1,000
03/26/2018
	
02 09 23 47 54 03
	0 	$ 1,000 	0 	$ 1,000
03/22/2018
	
02 08 15 40 41 04
	0 	$ 1,000 	0 	$ 1,000
03/19/2018
	
03 26 30 51 53 04
	1 	$ 1,000 	1 	$ 1,000
03/15/2018
	
11 12 31 49 59 01
	0 	$ 1,000 	0 	$ 1,000
03/12/2018
	
05 29 35 36 49 04
	0 	$ 1,000 	0 	$ 1,000
03/08/2018
	
06 34 36 44 55 04
	0 	$ 1,000 	0 	$ 1,000
03/05/2018
	
01 47 52 54 58 02
	0 	$ 1,000 	1 	$ 1,000
03/01/2018
	
05 06 07 12 36 02
	1 	$ 1,000 	0 	$ 1,000
02/26/2018
	
29 31 40 45 59 03
	0 	$ 1,000 	0 	$ 1,000
02/22/2018
	
26 28 38 47 51 01
	0 	$ 1,000 	0 	$ 1,000
02/19/2018
	
10 16 23 31 53 02
	0 	$ 1,000 	0 	$ 1,000
02/15/2018
	
01 43 44 53 54 01
	0 	$ 1,000 	0 	$ 1,000
02/12/2018
	
01 05 17 21 33 04
	0 	$ 1,000 	1 	$ 1,000
02/08/2018
	
09 37 47 51 55 04
	0 	$ 1,000 	0 	$ 1,000
02/05/2018
	
30 36 39 55 60 01
	0 	$ 1,000 	0 	$ 1,000
02/01/2018
	
10 20 21 25 52 01
	0 	$ 1,000 	0 	$ 1,000
01/29/2018
	
06 11 14 16 52 01
	0 	$ 1,000 	0 	$ 1,000
01/25/2018
	
01 06 24 41 44 02
	0 	$ 1,000 	0 	$ 1,000
01/22/2018
	
01 05 10 28 57 03
	0 	$ 1,000 	0 	$ 1,000
01/18/2018
	
26 36 42 58 60 01
	0 	$ 1,000 	0 	$ 1,000
01/15/2018
	
12 25 31 33 58 04
	0 	$ 1,000 	0 	$ 1,000
01/11/2018
	
18 22 23 41 53 01
	0 	$ 1,000 	0 	$ 1,000
01/08/2018
	
03 11 44 47 58 03
	0 	$ 1,000 	1 	$ 1,000
01/04/2018
	
12 22 42 43 53 03
	0 	$ 1,000 	0 	$ 1,000
01/01/2018
	
12 18 20 31 38 04
	0 	$ 1,000 	0 	$ 1,000
12/28/2017
	
09 14 24 41 46 02
	0 	$ 1,000 	0 	$ 1,000
12/25/2017
	
02 18 34 42 57 03
	0 	$ 1,000 	0 	$ 1,000
12/21/2017
	
01 09 25 37 60 01
	0 	$ 1,000 	0 	$ 1,000
12/18/2017
	
08 09 12 21 45 01
	0 	$ 1,000 	0 	$ 1,000
12/14/2017
	
07 24 32 44 52 03
	0 	$ 1,000 	0 	$ 1,000
12/11/2017
	
02 16 30 40 53 03
	0 	$ 1,000 	0 	$ 1,000
12/07/2017
	
02 05 39 54 56 03
	1 	$ 1,000 	0 	$ 1,000
12/04/2017
	
16 17 46 51 52 01
	0 	$ 1,000 	0 	$ 1,000
11/30/2017
	
02 05 18 23 59 01
	0 	$ 1,000 	0 	$ 1,000
11/27/2017
	
25 27 42 50 57 01
	0 	$ 1,000 	0 	$ 1,000
11/23/2017
	
04 33 56 58 59 04
	0 	$ 1,000 	0 	$ 1,000
11/20/2017
	
03 04 22 38 59 03
	0 	$ 1,000 	0 	$ 1,000
11/16/2017
	
15 16 19 42 52 03
	0 	$ 1,000 	2 	$ 1,000
11/13/2017
	
09 17 21 29 58 03
	0 	$ 1,000 	1 	$ 1,000
11/09/2017
	
03 12 30 39 60 01
	0 	$ 1,000 	0 	$ 1,000
11/06/2017
	
04 10 22 24 42 02
	0 	$ 1,000 	0 	$ 1,000
11/02/2017
	
14 43 55 57 60 04
	0 	$ 1,000 	0 	$ 1,000
10/30/2017
	
06 22 23 36 42 02
	0 	$ 1,000 	0 	$ 1,000
10/26/2017
	
03 12 17 27 55 02
	1 	$ 1,000 	0 	$ 1,000
10/23/2017
	
16 31 34 41 57 04
	0 	$ 1,000 	0 	$ 1,000
10/19/2017
	
15 16 39 41 46 02
	0 	$ 1,000 	0 	$ 1,000
10/16/2017
	
03 11 32 49 55 04
	0 	$ 1,000 	1 	$ 1,000
10/12/2017
	
12 33 41 45 60 02
	0 	$ 1,000 	0 	$ 1,000
10/09/2017
	
18 20 38 42 44 04
	0 	$ 1,000 	0 	$ 1,000
10/05/2017
	
12 14 31 38 41 02
	0 	$ 1,000 	0 	$ 1,000
10/02/2017
	
10 35 38 48 57 04
	0 	$ 1,000 	0 	$ 1,000
09/28/2017
	
16 31 34 50 60 03
	0 	$ 1,000 	0 	$ 1,000
09/25/2017
	
07 26 53 55 56 03
	0 	$ 1,000 	0 	$ 1,000
09/21/2017
	
04 16 18 32 47 02
	0 	$ 1,000 	0 	$ 1,000
09/18/2017
	
04 21 26 35 42 02
	0 	$ 1,000 	0 	$ 1,000
09/14/2017
	
05 12 13 41 44 04
	0 	$ 1,000 	0 	$ 1,000
09/11/2017
	
26 34 42 48 57 01
	0 	$ 1,000 	0 	$ 1,000
09/07/2017
	
02 05 07 55 57 03
	0 	$ 1,000 	0 	$ 1,000
09/04/2017
	
02 11 20 36 46 01
	0 	$ 1,000 	0 	$ 1,000
08/31/2017
	
30 34 36 56 59 01
	0 	$ 1,000 	0 	$ 1,000
08/28/2017
	
04 09 20 42 46 02
	0 	$ 1,000 	0 	$ 1,000
08/24/2017
	
02 04 32 57 60 03
	0 	$ 1,000 	1 	$ 1,000
08/21/2017
	
07 08 12 35 39 04
	0 	$ 1,000 	0 	$ 1,000
08/17/2017
	
11 15 21 23 58 03
	0 	$ 1,000 	0 	$ 1,000
08/14/2017
	
08 20 31 36 39 02
	0 	$ 1,000 	0 	$ 1,000
08/10/2017
	
04 05 28 33 42 04
	0 	$ 1,000 	0 	$ 1,000
08/07/2017
	
06 20 25 32 50 02
	1 	$ 1,000 	0 	$ 1,000
08/03/2017
	
09 12 19 29 34 02
	0 	$ 1,000 	0 	$ 1,000
07/31/2017
	
07 09 47 54 60 03
	0 	$ 1,000 	0 	$ 1,000
07/27/2017
	
32 37 38 42 43 02
	0 	$ 1,000 	0 	$ 1,000
07/24/2017
	
07 20 21 41 59 01
	0 	$ 1,000 	0 	$ 1,000
07/20/2017
	
26 37 40 42 50 01
	0 	$ 1,000 	0 	$ 1,000
07/17/2017
	
08 17 27 28 39 02
	1 	$ 1,000 	0 	$ 1,000
07/13/2017
	
06 17 32 45 59 03
	0 	$ 1,000 	0 	$ 1,000
07/10/2017
	
13 19 34 38 53 01
	0 	$ 1,000 	0 	$ 1,000
07/06/2017
	
04 09 39 44 52 02
	0 	$ 1,000 	0 	$ 1,000
07/03/2017
	
04 28 40 41 48 03
	0 	$ 1,000 	0 	$ 1,000
06/29/2017
	
07 08 13 18 48 02
	0 	$ 1,000 	1 	$ 1,000
06/26/2017
	
08 33 39 40 49 02
	0 	$ 1,000 	0 	$ 1,000
06/22/2017
	
31 40 45 54 57 03
	0 	$ 1,000 	0 	$ 1,000
06/19/2017
	
02 10 15 33 58 04
	0 	$ 1,000 	0 	$ 1,000
06/15/2017
	
01 09 17 26 55 01
	0 	$ 1,000 	0 	$ 1,000
06/12/2017
	
10 11 44 53 57 03
	0 	$ 1,000 	1 	$ 1,000
06/08/2017
	
24 27 43 50 60 03
	0 	$ 1,000 	0 	$ 1,000
06/05/2017
	
03 29 32 48 56 01
	0 	$ 1,000 	0 	$ 1,000
06/01/2017
	
05 09 46 55 58 04
	0 	$ 1,000 	0 	$ 1,000
05/29/2017
	
18 22 23 25 49 04
	0 	$ 1,000 	0 	$ 1,000
05/25/2017
	
06 07 13 16 30 01
	0 	$ 1,000 	0 	$ 1,000
05/22/2017
	
04 06 25 31 47 01
	0 	$ 1,000 	0 	$ 1,000
05/18/2017
	
04 29 30 55 58 03
	0 	$ 1,000 	0 	$ 1,000
05/15/2017
	
02 27 28 34 39 03
	0 	$ 1,000 	0 	$ 1,000
05/11/2017
	
06 20 30 34 36 01
	0 	$ 1,000 	0 	$ 1,000
05/08/2017
	
22 34 42 46 57 03
	0 	$ 1,000 	0 	$ 1,000
05/04/2017
	
01 02 17 24 38 04
	1 	$ 1,000 	0 	$ 1,000
05/01/2017
	
07 19 23 24 40 02
	0 	$ 1,000 	0 	$ 1,000
04/27/2017
	
02 20 27 29 53 04
	0 	$ 1,000 	0 	$ 1,000
04/24/2017
	
19 33 35 36 48 02
	0 	$ 1,000 	0 	$ 1,000
04/20/2017
	
22 23 37 56 60 04
	0 	$ 1,000 	0 	$ 1,000
04/17/2017
	
05 09 12 33 46 04
	0 	$ 1,000 	1 	$ 1,000
04/13/2017
	
17 19 49 50 56 04
	0 	$ 1,000 	0 	$ 1,000
04/10/2017
	
20 22 37 55 56 03
	0 	$ 1,000 	0 	$ 1,000
04/06/2017
	
04 06 17 48 53 04
	0 	$ 1,000 	0 	$ 1,000
04/03/2017
	
12 15 28 46 57 02
	0 	$ 1,000 	1 	$ 1,000
03/30/2017
	
24 38 40 44 49 02
	0 	$ 1,000 	0 	$ 1,000
03/27/2017
	
32 42 58 59 60 04
	0 	$ 1,000 	2 	$ 1,000
03/23/2017
	
02 28 30 39 53 04
	0 	$ 1,000 	1 	$ 1,000
03/20/2017
	
13 22 41 46 56 02
	0 	$ 1,000 	0 	$ 1,000
03/16/2017
	
13 14 36 48 57 02
	0 	$ 1,000 	0 	$ 1,000
03/13/2017
	
13 16 17 24 50 02
	0 	$ 1,000 	1 	$ 1,000
03/09/2017
	
01 08 23 56 58 03
	0 	$ 1,000 	0 	$ 1,000
03/06/2017
	
01 05 14 22 50 02
	0 	$ 1,000 	0 	$ 1,000
03/02/2017
	
03 07 11 30 42 03
	0 	$ 1,000 	1 	$ 1,000
02/27/2017
	
06 19 28 57 60 01
	0 	$ 1,000 	0 	$ 1,000
02/23/2017
	
03 24 38 43 52 03
	0 	$ 1,000 	0 	$ 1,000
02/20/2017
	
13 16 23 37 48 03
	0 	$ 1,000 	0 	$ 1,000
02/16/2017
	
08 12 19 35 42 04
	0 	$ 1,000 	0 	$ 1,000
02/13/2017
	
17 18 24 25 41 01
	0 	$ 1,000 	0 	$ 1,000
02/09/2017
	
02 28 37 38 48 04
	0 	$ 1,000 	0 	$ 1,000
02/06/2017
	
06 24 48 54 59 02
	0 	$ 1,000 	0 	$ 1,000
02/02/2017
	
13 20 24 37 58 02
	0 	$ 1,000 	0 	$ 1,000
01/30/2017
	
11 20 31 34 51 03
	0 	$ 1,000 	0 	$ 1,000
01/26/2017
	
01 14 25 40 59 02
	0 	$ 1,000 	0 	$ 1,000
01/23/2017
	
16 24 32 44 48 01
	0 	$ 1,000 	0 	$ 1,000
01/19/2017
	
14 32 37 43 45 02
	0 	$ 1,000 	0 	$ 1,000
01/16/2017
	
03 15 16 19 26 01
	0 	$ 1,000 	0 	$ 1,000
01/12/2017
	
06 32 37 50 56 01
	0 	$ 1,000 	0 	$ 1,000
01/09/2017
	
21 28 31 44 51 01
	0 	$ 1,000 	0 	$ 1,000
01/05/2017
	
05 18 42 44 46 04
	0 	$ 1,000 	0 	$ 1,000
01/02/2017
	
26 31 37 38 41 02
	0 	$ 1,000 	0 	$ 1,000
12/29/2016
	
11 16 19 29 34 01
	0 	$ 1,000 	0 	$ 1,000
12/26/2016
	
04 12 29 31 36 01
	0 	$ 1,000 	0 	$ 1,000
12/22/2016
	
14 19 32 38 43 03
	0 	$ 1,000 	0 	$ 1,000
12/19/2016
	
01 08 16 22 47 03
	0 	$ 1,000 	0 	$ 1,000
12/15/2016
	
05 07 21 44 57 02
	0 	$ 1,000 	0 	$ 1,000
12/12/2016
	
14 19 48 53 54 04
	0 	$ 1,000 	0 	$ 1,000
12/08/2016
	
08 28 29 49 57 03
	0 	$ 1,000 	1 	$ 1,000
12/05/2016
	
05 06 19 22 45 04
	0 	$ 1,000 	0 	$ 1,000
12/01/2016
	
17 23 30 49 55 01
	0 	$ 1,000 	1 	$ 1,000
11/28/2016
	
22 32 42 45 49 04
	0 	$ 1,000 	0 	$ 1,000
11/24/2016
	
04 24 25 32 46 01
	0 	$ 1,000 	0 	$ 1,000
11/21/2016
	
08 11 37 41 54 04
	1 	$ 1,000 	0 	$ 1,000
11/17/2016
	
06 30 32 35 48 01
	0 	$ 1,000 	0 	$ 1,000
11/14/2016
	
03 10 20 30 43 01
	0 	$ 1,000 	0 	$ 1,000
11/10/2016
	
06 07 17 20 44 02
	0 	$ 1,000 	0 	$ 1,000
11/07/2016
	
09 11 20 37 60 02
	0 	$ 1,000 	0 	$ 1,000
11/03/2016
	
05 10 29 37 59 04
	0 	$ 1,000 	0 	$ 1,000
10/31/2016
	
17 25 38 41 58 03
	0 	$ 1,000 	0 	$ 1,000
10/27/2016
	
15 16 19 37 40 04
	0 	$ 1,000 	0 	$ 1,000
10/24/2016
	
01 02 20 40 55 04
	0 	$ 1,000 	0 	$ 1,000
10/20/2016
	
06 38 40 48 57 02
	0 	$ 1,000 	0 	$ 1,000
10/17/2016
	
04 16 35 37 55 04
	0 	$ 1,000 	0 	$ 1,000
10/13/2016
	
03 19 21 26 43 03
	0 	$ 1,000 	0 	$ 1,000
10/10/2016
	
11 35 38 45 58 01
	0 	$ 1,000 	0 	$ 1,000
10/06/2016
	
05 07 09 12 43 02
	0 	$ 1,000 	0 	$ 1,000
10/03/2016
	
05 48 49 52 58 02
	0 	$ 1,000 	0 	$ 1,000
09/29/2016
	
13 25 39 51 55 03
	0 	$ 1,000 	1 	$ 1,000
09/26/2016
	
36 44 50 54 60 04
	0 	$ 1,000 	0 	$ 1,000
09/22/2016
	
01 03 24 42 59 01
	0 	$ 1,000 	0 	$ 1,000
09/19/2016
	
19 40 49 54 56 04
	0 	$ 1,000 	0 	$ 1,000
09/15/2016
	
11 20 54 59 60 02
	0 	$ 1,000 	0 	$ 1,000
09/12/2016
	
01 32 39 55 58 02
	0 	$ 1,000 	0 	$ 1,000
09/08/2016
	
03 07 22 37 60 02
	0 	$ 1,000 	2 	$ 1,000
09/05/2016
	
16 19 40 41 43 03
	0 	$ 1,000 	0 	$ 1,000
09/01/2016
	
17 45 46 51 53 02
	0 	$ 1,000 	0 	$ 1,000
08/29/2016
	
05 21 25 31 55 04
	0 	$ 1,000 	0 	$ 1,000
08/25/2016
	
10 17 24 47 59 02
	0 	$ 1,000 	0 	$ 1,000
08/22/2016
	
08 12 22 56 58 01
	0 	$ 1,000 	0 	$ 1,000
08/18/2016
	
07 24 25 56 58 03
	0 	$ 1,000 	0 	$ 1,000
08/15/2016
	
13 40 48 50 57 04
	0 	$ 1,000 	0 	$ 1,000
08/11/2016
	
03 34 44 53 55 04
	0 	$ 1,000 	0 	$ 1,000
08/08/2016
	
04 07 08 12 23 01
	1 	$ 1,000 	1 	$ 1,000
08/04/2016
	
08 22 41 54 56 01
	0 	$ 1,000 	0 	$ 1,000
08/01/2016
	
32 34 36 39 46 01
	0 	$ 1,000 	0 	$ 1,000
07/28/2016
	
13 19 32 36 41 02
	0 	$ 1,000 	0 	$ 1,000
07/25/2016
	
11 12 23 26 43 02
	0 	$ 1,000 	0 	$ 1,000
07/21/2016
	
01 04 18 29 32 01
	0 	$ 1,000 	0 	$ 1,000
07/18/2016
	
13 45 51 58 60 01
	0 	$ 1,000 	0 	$ 1,000
07/14/2016
	
03 08 11 24 25 02
	0 	$ 1,000 	1 	$ 1,000
07/11/2016
	
16 20 25 27 43 03
	0 	$ 1,000 	0 	$ 1,000
07/07/2016
	
04 08 26 41 55 03
	0 	$ 1,000 	1 	$ 1,000
07/04/2016
	
02 15 17 18 52 01
	0 	$ 1,000 	0 	$ 1,000
06/30/2016
	
04 09 10 31 34 03
	0 	$ 1,000 	0 	$ 1,000
06/27/2016
	
02 03 09 27 37 01
	0 	$ 1,000 	0 	$ 1,000
06/23/2016
	
01 09 36 38 46 01
	0 	$ 1,000 	0 	$ 1,000
06/20/2016
	
01 12 14 32 60 03
	0 	$ 1,000 	0 	$ 1,000
06/16/2016
	
03 17 22 57 59 02
	0 	$ 1,000 	0 	$ 1,000
06/13/2016
	
35 40 51 55 60 01
	0 	$ 1,000 	0 	$ 1,000
06/09/2016
	
01 04 12 33 41 02
	0 	$ 1,000 	0 	$ 1,000
06/06/2016
	
18 25 35 41 57 02
	0 	$ 1,000 	0 	$ 1,000
06/02/2016
	
18 28 30 31 37 02
	0 	$ 1,000 	0 	$ 1,000
05/30/2016
	
05 07 27 28 36 04
	0 	$ 1,000 	0 	$ 1,000
05/26/2016
	
04 13 26 34 43 03
	1 	$ 1,000 	0 	$ 1,000
05/23/2016
	
04 19 26 33 58 02
	1 	$ 1,000 	0 	$ 1,000
05/19/2016
	
10 18 37 40 57 04
	0 	$ 1,000 	0 	$ 1,000
05/16/2016
	
04 20 25 32 45 03
	0 	$ 1,000 	0 	$ 1,000
05/12/2016
	
04 13 15 16 32 04
	0 	$ 1,000 	0 	$ 1,000
05/09/2016
	
20 23 38 48 56 03
	0 	$ 1,000 	0 	$ 1,000
05/05/2016
	
17 18 30 43 49 04
	0 	$ 1,000 	1 	$ 1,000
05/02/2016
	
10 14 30 55 56 01
	1 	$ 1,000 	0 	$ 1,000
04/28/2016
	
04 14 22 47 58 03
	0 	$ 1,000 	0 	$ 1,000
04/25/2016
	
02 18 27 52 57 04
	0 	$ 1,000 	0 	$ 1,000
04/21/2016
	
06 12 20 40 53 04
	0 	$ 1,000 	0 	$ 1,000
04/18/2016
	
06 25 29 33 44 02
	0 	$ 1,000 	0 	$ 1,000
04/14/2016
	
24 25 48 55 56 02
	0 	$ 1,000 	0 	$ 1,000
04/11/2016
	
15 30 34 38 55 02
	0 	$ 1,000 	0 	$ 1,000
04/07/2016
	
02 11 32 50 54 02
	0 	$ 1,000 	0 	$ 1,000
04/04/2016
	
05 26 32 36 58 04
	0 	$ 1,000 	0 	$ 1,000
03/31/2016
	
09 17 28 38 45 01
	0 	$ 1,000 	0 	$ 1,000
03/28/2016
	
20 33 49 53 56 04
	0 	$ 1,000 	0 	$ 1,000
03/24/2016
	
17 24 30 45 48 03
	0 	$ 1,000 	0 	$ 1,000
03/21/2016
	
13 30 41 50 55 01
	0 	$ 1,000 	0 	$ 1,000
03/17/2016
	
11 16 34 44 56 01
	0 	$ 1,000 	0 	$ 1,000
03/14/2016
	
17 28 37 38 41 01
	0 	$ 1,000 	0 	$ 1,000
03/10/2016
	
06 12 21 40 57 01
	0 	$ 1,000 	0 	$ 1,000
03/07/2016
	
09 21 24 37 38 02
	0 	$ 1,000 	0 	$ 1,000
03/03/2016
	
07 13 35 40 45 04
	0 	$ 1,000 	0 	$ 1,000
02/29/2016
	
03 17 26 47 58 01
	0 	$ 1,000 	0 	$ 1,000
02/25/2016
	
02 16 19 33 39 03
	1 	$ 1,000 	0 	$ 1,000
02/22/2016
	
08 09 10 11 27 04
	0 	$ 1,000 	2 	$ 1,000
02/18/2016
	
21 24 37 38 49 04
	0 	$ 1,000 	2 	$ 1,000
02/15/2016
	
02 09 30 37 42 02
	0 	$ 1,000 	0 	$ 1,000
02/11/2016
	
06 31 35 40 55 02
	0 	$ 1,000 	0 	$ 1,000
02/08/2016
	
13 23 48 57 59 02
	0 	$ 1,000 	0 	$ 1,000
02/04/2016
	
08 12 23 40 54 01
	0 	$ 1,000 	0 	$ 1,000
02/01/2016
	
02 09 22 43 44 01
	0 	$ 1,000 	0 	$ 1,000
01/28/2016
	
04 05 15 25 59 02
	0 	$ 1,000 	0 	$ 1,000
01/25/2016
	
19 24 38 55 56 04
	0 	$ 1,000 	0 	$ 1,000
01/21/2016
	
11 13 36 46 48 04
	1 	$ 1,000 	0 	$ 1,000
01/18/2016
	
14 17 39 43 51 03
	0 	$ 1,000 	0 	$ 1,000
01/14/2016
	
23 27 29 36 60 04
	0 	$ 1,000 	1 	$ 1,000
01/11/2016
	
04 20 30 34 36 02
	0 	$ 1,000 	0 	$ 1,000
01/07/2016
	
14 31 37 54 56 01
	1 	$ 1,000 	0 	$ 1,000
01/04/2016
	
08 19 25 51 52 03
	0 	$ 1,000 	0 	$ 1,000
12/31/2015
	
01 05 24 47 55 01
	0 	$ 1,000 	1 	$ 1,000
12/28/2015
	
07 11 16 23 24 02
	0 	$ 1,000 	0 	$ 1,000
12/24/2015
	
05 19 36 41 55 02
	1 	$ 1,000 	0 	$ 1,000
12/21/2015
	
09 27 33 40 49 03
	0 	$ 1,000 	0 	$ 1,000
12/17/2015
	
26 49 52 54 56 01
	0 	$ 1,000 	0 	$ 1,000
12/14/2015
	
46 50 56 57 58 01
	0 	$ 1,000 	0 	$ 1,000
12/10/2015
	
10 47 48 53 58 02
	0 	$ 1,000 	1 	$ 1,000
12/07/2015
	
03 05 36 40 44 02
	0 	$ 1,000 	0 	$ 1,000
12/03/2015
	
08 10 27 37 39 01
	0 	$ 1,000 	0 	$ 1,000
11/30/2015
	
04 07 08 19 53 04
	0 	$ 1,000 	0 	$ 1,000
11/26/2015
	
13 23 43 47 59 03
	0 	$ 1,000 	0 	$ 1,000
11/23/2015
	
04 21 42 43 59 04
	0 	$ 1,000 	0 	$ 1,000
11/19/2015
	
02 07 21 38 48 04
	0 	$ 1,000 	0 	$ 1,000
11/16/2015
	
06 20 28 34 40 03
	0 	$ 1,000 	0 	$ 1,000
11/12/2015
	
06 41 44 49 56 04
	0 	$ 1,000 	2 	$ 1,000
11/09/2015
	
06 09 11 27 37 03
	0 	$ 1,000 	0 	$ 1,000
11/05/2015
	
13 20 25 31 51 03
	0 	$ 1,000 	0 	$ 1,000
11/02/2015
	
01 07 12 34 44 01
	0 	$ 1,000 	0 	$ 1,000
10/29/2015
	
10 31 32 34 51 04
	0 	$ 1,000 	0 	$ 1,000
10/26/2015
	
17 20 45 49 58 02
	0 	$ 1,000 	0 	$ 1,000
10/22/2015
	
05 18 45 52 57 02
	0 	$ 1,000 	0 	$ 1,000
10/19/2015
	
04 08 31 46 54 03
	0 	$ 1,000 	0 	$ 1,000
10/15/2015
	
07 11 39 40 45 02
	0 	$ 1,000 	0 	$ 1,000
10/12/2015
	
28 30 36 38 39 04
	0 	$ 1,000 	0 	$ 1,000
10/08/2015
	
25 27 28 42 53 02
	0 	$ 1,000 	0 	$ 1,000
10/05/2015
	
08 20 34 41 43 03
	0 	$ 1,000 	0 	$ 1,000
10/01/2015
	
25 37 39 47 55 03
	0 	$ 1,000 	0 	$ 1,000
09/28/2015
	
01 25 29 43 54 02
	0 	$ 1,000 	0 	$ 1,000
09/24/2015
	
14 17 29 39 50 03
	0 	$ 1,000 	0 	$ 1,000
09/21/2015
	
17 27 39 44 49 01
	0 	$ 1,000 	0 	$ 1,000
09/17/2015
	
14 15 17 35 56 02
	0 	$ 1,000 	0 	$ 1,000
09/14/2015
	
03 07 14 19 25 02
	0 	$ 1,000 	1 	$ 1,000
09/10/2015
	
11 16 50 55 56 04
	0 	$ 1,000 	0 	$ 1,000
09/07/2015
	
04 21 26 45 46 04
	0 	$ 1,000 	0 	$ 1,000
09/03/2015
	
20 33 46 49 51 04
	0 	$ 1,000 	0 	$ 1,000
08/31/2015
	
12 15 44 45 47 01
	0 	$ 1,000 	0 	$ 1,000
08/27/2015
	
05 29 37 55 58 02
	0 	$ 1,000 	0 	$ 1,000
08/24/2015
	
02 19 35 37 44 03
	0 	$ 1,000 	0 	$ 1,000
08/20/2015
	
06 14 25 39 56 04
	0 	$ 1,000 	0 	$ 1,000
08/17/2015
	
05 19 21 24 27 03
	1 	$ 1,000 	1 	$ 1,000
08/13/2015
	
08 12 50 51 56 04
	0 	$ 1,000 	0 	$ 1,000
08/10/2015
	
02 07 11 33 47 02
	0 	$ 1,000 	1 	$ 1,000
08/06/2015
	
04 05 24 31 42 02
	0 	$ 1,000 	0 	$ 1,000
08/03/2015
	
25 29 30 38 39 03
	0 	$ 1,000 	0 	$ 1,000
07/30/2015
	
15 16 26 27 51 02
	0 	$ 1,000 	0 	$ 1,000
07/27/2015
	
03 05 36 43 53 03
	1 	$ 1,000 	0 	$ 1,000
07/23/2015
	
08 26 28 41 52 04
	0 	$ 1,000 	0 	$ 1,000
07/20/2015
	
10 29 47 48 55 04
	0 	$ 1,000 	0 	$ 1,000
07/16/2015
	
22 29 47 53 54 03
	0 	$ 1,000 	0 	$ 1,000
07/13/2015
	
05 23 27 55 57 01
	0 	$ 1,000 	0 	$ 1,000
07/09/2015
	
19 34 36 54 55 01
	0 	$ 1,000 	0 	$ 1,000
07/06/2015
	
03 10 30 33 40 01
	0 	$ 1,000 	0 	$ 1,000
07/02/2015
	
18 19 31 43 54 03
	0 	$ 1,000 	0 	$ 1,000
06/29/2015
	
01 19 37 49 56 03
	0 	$ 1,000 	0 	$ 1,000
06/25/2015
	
03 26 27 29 58 01
	0 	$ 1,000 	0 	$ 1,000
06/22/2015
	
05 26 27 51 59 02
	0 	$ 1,000 	0 	$ 1,000
06/18/2015
	
01 02 14 29 59 03
	0 	$ 1,000 	1 	$ 1,000
06/15/2015
	
10 14 16 32 34 03
	0 	$ 1,000 	0 	$ 1,000
06/11/2015
	
17 24 43 49 57 02
	0 	$ 1,000 	0 	$ 1,000
06/08/2015
	
33 39 43 49 52 03
	0 	$ 1,000 	0 	$ 1,000
06/04/2015
	
04 09 32 41 43 02
	0 	$ 1,000 	0 	$ 1,000
06/01/2015
	
07 10 23 37 56 03
	0 	$ 1,000 	0 	$ 1,000
05/28/2015
	
08 25 28 33 47 01
	0 	$ 1,000 	0 	$ 1,000
05/25/2015
	
15 40 48 59 60 01
	0 	$ 1,000 	0 	$ 1,000
05/21/2015
	
18 22 24 29 56 04
	0 	$ 1,000 	0 	$ 1,000
05/18/2015
	
16 30 35 38 51 01
	0 	$ 1,000 	0 	$ 1,000
05/14/2015
	
06 28 34 39 43 02
	0 	$ 1,000 	1 	$ 1,000
05/11/2015
	
07 08 14 18 52 01
	0 	$ 1,000 	0 	$ 1,000
05/07/2015
	
04 11 44 47 53 02
	0 	$ 1,000 	0 	$ 1,000
05/04/2015
	
03 05 21 30 60 04
	0 	$ 1,000 	0 	$ 1,000
04/30/2015
	
09 26 29 46 58 02
	0 	$ 1,000 	0 	$ 1,000
04/27/2015
	
13 14 29 46 47 01
	0 	$ 1,000 	0 	$ 1,000
04/23/2015
	
03 12 30 40 56 02
	0 	$ 1,000 	0 	$ 1,000
04/20/2015
	
35 36 37 53 56 04
	0 	$ 1,000 	0 	$ 1,000
04/16/2015
	
01 06 11 13 23 01
	0 	$ 1,000 	1 	$ 1,000
04/13/2015
	
07 17 26 34 60 04
	0 	$ 1,000 	0 	$ 1,000
04/09/2015
	
05 07 27 43 50 03
	0 	$ 1,000 	0 	$ 1,000
04/06/2015
	
02 16 20 25 50 03
	0 	$ 1,000 	0 	$ 1,000
04/02/2015
	
15 22 29 34 37 03
	0 	$ 1,000 	0 	$ 1,000
03/30/2015
	
09 23 43 45 52 02
	0 	$ 1,000 	0 	$ 1,000
03/26/2015
	
06 35 36 47 53 02
	0 	$ 1,000 	0 	$ 1,000
03/23/2015
	
18 26 28 35 36 04
	0 	$ 1,000 	0 	$ 1,000
03/19/2015
	
02 12 28 51 54 01
	0 	$ 1,000 	0 	$ 1,000
03/16/2015
	
12 18 33 44 46 01
	0 	$ 1,000 	0 	$ 1,000
03/12/2015
	
03 06 17 47 48 01
	0 	$ 1,000 	0 	$ 1,000
03/09/2015
	
19 34 35 54 57 03
	0 	$ 1,000 	0 	$ 1,000
03/05/2015
	
10 22 46 47 48 04
	0 	$ 1,000 	0 	$ 1,000
03/02/2015
	
08 23 27 38 47 04
	0 	$ 1,000 	0 	$ 1,000
02/26/2015
	
03 16 20 38 49 03
	0 	$ 1,000 	0 	$ 1,000
02/23/2015
	
01 14 20 21 43 04
	0 	$ 1,000 	0 	$ 1,000
02/19/2015
	
18 43 51 52 60 04
	0 	$ 1,000 	0 	$ 1,000
02/16/2015
	
06 26 35 40 43 02
	0 	$ 1,000 	0 	$ 1,000
02/12/2015
	
06 11 32 56 60 02
	0 	$ 1,000 	0 	$ 1,000
02/09/2015
	
09 17 36 38 53 04
	0 	$ 1,000 	0 	$ 1,000
02/05/2015
	
14 17 38 40 45 02
	0 	$ 1,000 	0 	$ 1,000
02/02/2015
	
04 08 17 20 21 04
	1 	$ 1,000 	0 	$ 1,000
01/29/2015
	
08 24 28 57 60 02
	0 	$ 1,000 	0 	$ 1,000
01/26/2015
	
01 20 24 46 57 01
	0 	$ 1,000 	0 	$ 1,000
01/22/2015
	
08 11 35 47 60 02
	0 	$ 1,000 	0 	$ 1,000
01/19/2015
	
18 29 47 52 53 03
	0 	$ 1,000 	0 	$ 1,000
01/15/2015
	
12 15 22 25 27 03
	0 	$ 1,000 	1 	$ 1,000
01/12/2015
	
01 05 11 39 47 01
	0 	$ 1,000 	0 	$ 1,000
01/08/2015
	
16 28 38 43 45 03
	0 	$ 1,000 	0 	$ 1,000
01/05/2015
	
12 23 29 38 43 03
	0 	$ 1,000 	1 	$ 1,000
01/01/2015
	
13 19 20 21 35 02
	0 	$ 1,000 	0 	$ 1,000
12/29/2014
	
08 09 35 37 41 04
	0 	$ 1,000 	0 	$ 1,000
12/25/2014
	
05 14 22 37 60 02
	0 	$ 1,000 	0 	$ 1,000
12/22/2014
	
03 17 30 50 55 03
	0 	$ 1,000 	0 	$ 1,000
12/18/2014
	
20 22 26 27 43 02
	0 	$ 1,000 	0 	$ 1,000
12/15/2014
	
08 22 31 38 40 03
	0 	$ 1,000 	0 	$ 1,000
12/11/2014
	
12 22 27 35 49 04
	0 	$ 1,000 	0 	$ 1,000
12/08/2014
	
04 11 14 46 59 04
	0 	$ 1,000 	0 	$ 1,000
12/04/2014
	
01 15 21 41 60 04
	0 	$ 1,000 	0 	$ 1,000
12/01/2014
	
04 07 33 50 55 01
	0 	$ 1,000 	0 	$ 1,000
11/27/2014
	
09 30 43 51 55 03
	0 	$ 1,000 	0 	$ 1,000
11/24/2014
	
08 25 26 33 56 01
	1 	$ 1,000 	0 	$ 1,000
11/20/2014
	
02 40 46 59 60 02
	0 	$ 1,000 	0 	$ 1,000
11/17/2014
	
08 23 37 38 58 01
	0 	$ 1,000 	0 	$ 1,000
11/13/2014
	
07 08 16 49 56 04
	1 	$ 1,000 	0 	$ 1,000
11/10/2014
	
07 21 30 53 55 02
	0 	$ 1,000 	0 	$ 1,000
11/06/2014
	
03 07 14 20 32 03
	0 	$ 1,000 	0 	$ 1,000
11/03/2014
	
03 27 28 49 52 04
	0 	$ 1,000 	0 	$ 1,000
10/30/2014
	
19 22 29 38 53 01
	0 	$ 1,000 	0 	$ 1,000
10/27/2014
	
06 09 28 40 41 01
	0 	$ 1,000 	0 	$ 1,000
10/23/2014
	
09 22 24 36 54 01
	0 	$ 1,000 	0 	$ 1,000
10/20/2014
	
08 16 43 52 59 03
	0 	$ 1,000 	1 	$ 1,000
10/16/2014
	
12 13 20 28 45 04
	0 	$ 1,000 	1 	$ 1,000
10/13/2014
	
10 13 49 54 57 04
	0 	$ 1,000 	0 	$ 1,000
10/09/2014
	
23 26 32 50 57 04
	0 	$ 1,000 	0 	$ 1,000
10/06/2014
	
16 30 37 52 55 03
	0 	$ 1,000 	0 	$ 1,000
10/02/2014
	
23 34 35 44 52 01
	0 	$ 1,000 	0 	$ 1,000
09/29/2014
	
19 36 37 43 50 01
	0 	$ 1,000 	0 	$ 1,000
09/25/2014
	
09 11 28 30 41 04
	0 	$ 1,000 	0 	$ 1,000
09/22/2014
	
28 39 40 53 54 01
	0 	$ 1,000 	0 	$ 1,000
09/18/2014
	
05 10 11 24 28 03
	0 	$ 1,000 	0 	$ 1,000
09/15/2014
	
03 05 09 32 56 01
	0 	$ 1,000 	0 	$ 1,000
09/11/2014
	
12 44 56 58 59 02
	0 	$ 1,000 	0 	$ 1,000
09/08/2014
	
01 17 23 44 45 02
	0 	$ 1,000 	0 	$ 1,000
09/04/2014
	
03 21 28 32 56 03
	0 	$ 1,000 	0 	$ 1,000
09/01/2014
	
09 21 27 45 53 02
	0 	$ 1,000 	0 	$ 1,000
08/28/2014
	
12 24 27 38 49 02
	0 	$ 1,000 	0 	$ 1,000
08/25/2014
	
06 08 34 40 59 04
	0 	$ 1,000 	0 	$ 1,000
08/21/2014
	
11 24 40 43 47 02
	0 	$ 1,000 	0 	$ 1,000
08/18/2014
	
06 10 29 44 57 02
	0 	$ 1,000 	0 	$ 1,000
08/14/2014
	
03 11 34 46 60 02
	0 	$ 1,000 	0 	$ 1,000
08/11/2014
	
05 10 33 48 57 03
	0 	$ 1,000 	0 	$ 1,000
08/07/2014
	
03 18 38 40 49 02
	0 	$ 1,000 	1 	$ 1,000
08/04/2014
	
17 21 36 48 60 03
	0 	$ 1,000 	0 	$ 1,000
07/31/2014
	
13 25 26 32 58 01
	1 	$ 1,000 	0 	$ 1,000
07/28/2014
	
06 15 31 51 53 02
	0 	$ 1,000 	0 	$ 1,000
07/24/2014
	
05 20 35 43 48 03
	1 	$ 1,000 	0 	$ 1,000
07/21/2014
	
04 06 11 24 31 03
	1 	$ 1,000 	1 	$ 1,000
07/17/2014
	
08 09 22 46 51 01
	0 	$ 1,000 	0 	$ 1,000
07/14/2014
	
09 19 34 37 49 02
	1 	$ 1,000 	0 	$ 1,000
07/10/2014
	
11 12 31 54 59 03
	0 	$ 1,000 	0 	$ 1,000
07/07/2014
	
11 13 23 54 55 02
	0 	$ 1,000 	0 	$ 1,000
07/03/2014
	
08 10 25 28 31 02
	0 	$ 1,000 	0 	$ 1,000
06/30/2014
	
01 04 10 28 33 02
	0 	$ 1,000 	1 	$ 1,000
06/26/2014
	
15 22 51 52 58 03
	0 	$ 1,000 	0 	$ 1,000
06/23/2014
	
05 16 21 33 47 04
	1 	$ 1,000 	0 	$ 1,000
06/19/2014
	
08 13 43 56 60 02
	0 	$ 1,000 	1 	$ 1,000
06/16/2014
	
09 36 44 53 59 03
	0 	$ 1,000 	0 	$ 1,000
