https://www.galottery.com/en-us/winning-numbers.html#tab-advSearch
12/02/2021 	
08 15 18 33 35 46
	
11/29/2021 	
12 13 18 32 33 37
	
11/25/2021 	
05 12 13 19 41 43
	
11/22/2021 	
01 16 28 30 33 34
	
11/18/2021 	
01 06 10 14 33 44
	
11/15/2021 	
02 08 13 31 39 40
	
11/11/2021 	
20 29 36 40 45 46
	
11/08/2021 	
08 11 13 19 36 40
	
11/04/2021 	
04 06 23 36 38 41
	
11/01/2021 	
02 21 25 26 27 41
	
10/28/2021 	
02 07 09 20 24 28
	
10/25/2021 	
05 14 19 21 28 33
	
10/21/2021 	
03 05 22 23 34 38
	
10/18/2021 	
04 07 11 33 35 41
	
10/14/2021 	
09 14 22 37 39 40
	
10/11/2021 	
07 10 26 31 38 42
	
10/07/2021 	
05 13 22 32 39 44
	
10/04/2021 	
14 20 23 25 34 44
	
09/30/2021 	
06 10 36 39 46 47
	
09/27/2021 	
11 14 20 25 26 42
	
09/23/2021 	
01 03 17 23 37 41
	
09/20/2021 	
16 24 26 33 41 45
	
09/16/2021 	
04 06 19 21 30 40
	
09/13/2021 	
25 33 35 40 42 44
	
09/09/2021 	
04 06 09 13 21 41
	
09/06/2021 	
01 03 16 17 37 47
	
09/02/2021 	
03 26 32 41 45 46
	
08/30/2021 	
02 04 08 12 14 29
	
08/26/2021 	
02 03 15 17 26 37
	
08/23/2021 	
02 09 15 24 26 38
	
08/19/2021 	
10 13 15 19 28 35
	
08/16/2021 	
03 20 34 37 39 44
	
08/12/2021 	
02 12 29 31 38 43
	
08/09/2021 	
07 11 15 16 33 37
	
08/05/2021 	
01 12 13 19 20 35
	
08/02/2021 	
03 04 16 22 31 47
	
07/29/2021 	
01 12 16 32 35 36
	
07/26/2021 	
04 07 12 25 33 36
	
07/22/2021 	
13 27 30 38 43 46
	
07/19/2021 	
17 29 33 34 44 46
	
07/15/2021 	
06 17 36 38 45 47
	
07/12/2021 	
04 20 32 36 40 44
	
07/08/2021 	
14 18 28 32 35 45
	
07/05/2021 	
11 19 20 27 31 47
	
07/01/2021 	
04 07 27 35 37 43
	
06/28/2021 	
03 17 20 35 46 47
	
06/24/2021 	
01 07 16 29 31 41
	
06/21/2021 	
01 14 26 33 36 41
	
06/17/2021 	
03 20 26 35 37 43
	
06/14/2021 	
12 20 22 32 43 45
	
06/10/2021 	
02 09 15 30 33 38
	
06/07/2021 	
01 13 23 24 33 47
	
06/03/2021 	
11 18 23 36 41 42
	
05/31/2021 	
12 13 14 15 25 43
	
05/27/2021 	
27 31 34 38 40 41
	
05/24/2021 	
17 26 29 42 44 46
	
05/20/2021 	
08 23 25 29 43 45
	
05/17/2021 	
03 18 25 27 40 44
	
05/13/2021 	
26 30 32 35 36 40
	
05/10/2021 	
03 18 19 35 40 42 

05/06/2021 	
13 21 23 27 28 45
	
05/03/2021 	
07 10 13 35 39 47
	
04/29/2021 	
22 28 30 34 41 43
	
04/26/2021 	
03 21 35 37 39 40
	
04/22/2021 	
07 29 31 35 37 45
	
04/19/2021 	
03 18 33 37 38 45
	
04/15/2021 	
07 08 13 14 23 33
	
04/12/2021 	
02 04 10 18 32 34
	
04/08/2021 	
17 30 32 33 34 47
	
04/05/2021 	
01 04 09 10 12 38
	
04/01/2021 	
01 11 20 22 32 35
	
03/29/2021 	
03 06 10 12 28 37
	
03/25/2021 	
15 22 28 33 35 45
	
03/22/2021 	
13 15 16 36 43 47
	
03/18/2021 	
01 17 30 39 42 47
	
03/15/2021 	
01 10 13 15 37 45
	
03/11/2021 	
05 20 24 29 38 47
	
03/08/2021 	
05 06 07 10 33 35
	
03/04/2021 	
01 08 13 20 42 44
	
03/01/2021 	
05 07 29 39 41 42 

02/25/2021 	
01 08 13 15 37 46
	
02/22/2021 	
05 10 14 28 30 36
	
02/18/2021 	
04 13 18 32 38 42
	
02/15/2021 	
05 14 19 26 27 32
	
02/11/2021 	
13 19 20 29 38 40
	
02/08/2021 	
06 08 17 18 21 39
	
02/04/2021 	
01 09 15 20 24 25
	
02/01/2021 	
01 07 10 26 28 32
	
01/28/2021 	
03 13 15 18 19 20
	
01/25/2021 	
10 12 23 25 31 40
	
01/21/2021 	
02 05 13 32 33 38
	
01/18/2021 	
06 11 13 23 32 47
	
01/14/2021 	
06 07 24 31 37 47
	
01/11/2021 	
01 14 17 19 32 42
	
01/07/2021 	
04 12 13 30 43 46
	
01/04/2021 	
03 09 27 29 30 42
	
12/31/2020 	
19 22 27 40 45 47
	
12/28/2020 	
04 07 14 20 36 39
	
12/24/2020 	
15 23 28 30 44 45
	
12/21/2020 	
09 11 12 18 37 39 

12/17/2020 	
11 18 25 31 40 42
	
12/14/2020 	
06 08 15 42 43 45
	
12/10/2020 	
12 17 18 34 38 47
	
12/07/2020 	
12 27 30 31 33 40
	
12/03/2020 	
06 07 19 21 28 35
	
11/30/2020 	
10 17 25 30 40 42
	
11/26/2020 	
10 12 15 34 41 42
	
11/23/2020 	
05 18 31 33 34 43
	
11/19/2020 	
06 08 11 13 17 26
	
11/16/2020 	
01 09 13 27 34 38
	
11/12/2020 	
04 17 24 30 40 47
	
11/09/2020 	
03 04 19 37 42 44
	
11/05/2020 	
16 17 25 28 33 39
	
11/02/2020 	
11 27 35 42 43 45
	
10/29/2020 	
08 10 16 36 40 42
	
10/26/2020 	
15 22 34 39 44 46
	
10/22/2020 	
12 13 24 30 33 36
	
10/19/2020 	
13 17 24 29 38 41
	
10/15/2020 	
08 11 20 31 32 45
	
10/12/2020 	
09 13 16 26 27 40 

10/08/2020 	
09 14 20 28 34 39
	
10/05/2020 	
03 08 10 19 26 40
	
10/01/2020 	
02 17 20 35 38 39
	
09/28/2020 	
11 14 17 22 31 39
	
09/24/2020 	
18 19 20 36 37 46
	
09/21/2020 	
04 12 14 17 26 27
	
09/17/2020 	
25 27 35 38 42 43
	
09/14/2020 	
03 15 18 24 27 34
	
09/10/2020 	
02 11 17 22 45 46
	
09/07/2020 	
05 10 18 21 35 38
	
09/03/2020 	
02 13 26 37 41 42
	
08/31/2020 	
07 09 21 31 45 46
	
08/27/2020 	
10 19 22 29 32 40
	
08/24/2020 	
12 14 34 37 39 42
	
08/20/2020 	
04 07 09 20 31 35
	
08/17/2020 	
01 02 14 19 37 47
	
08/13/2020 	
04 06 20 24 34 46
	
08/10/2020 	
04 09 13 18 35 46
	
08/06/2020 	
08 12 18 25 39 44
	
08/03/2020 	
13 24 28 29 31 39 

07/30/2020 	
16 21 31 41 43 44
	
07/27/2020 	
09 11 20 21 28 44
	
07/23/2020 	
15 18 23 30 42 45
	
07/20/2020 	
08 13 19 26 34 37
	
07/16/2020 	
04 14 37 40 46 47
	
07/13/2020 	
04 10 16 23 29 44
	
07/09/2020 	
14 27 28 34 35 46
	
07/06/2020 	
07 13 15 23 27 37
	
07/02/2020 	
09 15 18 22 24 32
	
06/29/2020 	
03 08 11 28 31 33
	
06/25/2020 	
07 09 23 28 46 47
	
06/22/2020 	
01 03 06 18 30 46
	
06/18/2020 	
15 22 23 30 35 45
	
06/15/2020 	
07 11 30 34 41 44
	
06/11/2020 	
13 24 28 32 39 47
	
06/08/2020 	
12 14 15 23 24 26
	
06/04/2020 	
05 16 20 22 26 38
	
06/01/2020 	
05 07 14 23 28 39
	
05/28/2020 	
11 13 14 18 30 32
	
05/25/2020 	
16 28 35 37 38 46 

05/21/2020 	
13 14 19 23 24 43
	
05/18/2020 	
01 13 21 22 32 33
	
05/14/2020 	
04 10 27 33 39 42
	
05/11/2020 	
05 08 09 11 25 42
	
05/07/2020 	
10 12 16 19 26 43
	
05/04/2020 	
05 08 10 29 44 46
	
04/30/2020 	
07 09 14 29 31 34
	
04/27/2020 	
07 15 19 24 32 46
	
04/23/2020 	
05 07 08 13 14 38
	
04/20/2020 	
09 20 26 27 39 47
	
04/16/2020 	
05 16 31 33 35 37
	
04/13/2020 	
09 14 24 26 32 35
	
04/09/2020 	
02 05 10 18 31 34
	
04/06/2020 	
01 11 13 21 23 25
	
04/02/2020 	
01 04 21 28 33 44
	
03/30/2020 	
12 28 30 34 40 41
	
03/26/2020 	
10 19 24 26 33 46
	
03/23/2020 	
05 13 14 22 23 32
	
03/19/2020 	
06 16 18 25 33 37
	
03/16/2020 	
06 16 20 27 39 40 

03/12/2020 	
19 21 28 32 41 42
	
03/09/2020 	
12 15 28 34 37 41
	
03/05/2020 	
12 17 22 38 43 47
	
03/02/2020 	
13 15 29 32 40 44
	
02/27/2020 	
01 08 14 23 24 30
	
02/24/2020 	
14 15 19 21 24 30
	
02/20/2020 	
03 08 22 31 35 36
	
02/17/2020 	
12 14 19 21 38 46
	
02/13/2020 	
06 11 14 29 41 47
	
02/10/2020 	
02 05 10 13 17 37
	
02/06/2020 	
09 14 18 24 29 46
	
02/03/2020 	
07 24 32 33 35 38
	
01/30/2020 	
02 12 15 20 29 36
	
01/27/2020 	
03 16 18 30 31 34
	
01/23/2020 	
12 29 31 36 44 46
	
01/20/2020 	
01 08 11 18 34 47
	
01/16/2020 	
01 07 24 26 27 28
	
01/13/2020 	
19 23 26 30 35 38
	
01/09/2020 	
02 14 25 36 39 42
	
01/06/2020 	
05 06 07 23 41 42 

01/02/2020 	
07 21 32 36 43 44
	
12/30/2019 	
14 23 24 32 35 40
	
12/26/2019 	
02 05 15 23 25 42
	
12/23/2019 	
06 13 26 35 39 40
	
12/19/2019 	
13 17 19 25 30 32
	
12/16/2019 	
08 17 20 38 40 46
	
12/12/2019 	
01 12 15 16 24 32
	
12/09/2019 	
09 15 16 33 44 47
	
12/05/2019 	
02 08 09 35 43 47
	
12/02/2019 	
10 28 31 36 37 38
	
11/28/2019 	
11 22 30 41 42 43
	
11/25/2019 	
05 11 14 25 31 37
	
11/21/2019 	
09 12 23 28 35 41
	
11/18/2019 	
23 26 28 36 37 46
	
11/14/2019 	
05 10 12 16 21 41
	
11/11/2019 	
04 11 17 18 19 44
	
11/07/2019 	
01 05 15 22 25 47
	
11/04/2019 	
02 12 30 35 43 45
	
10/31/2019 	
18 19 23 26 33 40
	
10/28/2019 	
15 22 26 30 31 41 

10/24/2019 	
03 07 12 28 33 41
	
10/21/2019 	
05 07 15 24 35 46
	
10/17/2019 	
08 11 14 22 32 33
	
10/14/2019 	
21 28 29 36 42 44
	
10/10/2019 	
18 20 22 23 24 45
	
10/07/2019 	
04 10 13 19 24 31
	
10/03/2019 	
12 15 30 33 40 47
	
09/30/2019 	
07 18 28 30 34 47
	
09/26/2019 	
02 11 18 20 34 40
	
09/23/2019 	
13 15 18 27 29 43
	
09/19/2019 	
06 08 16 17 29 37
	
09/16/2019 	
06 22 26 29 31 36
	
09/12/2019 	
11 16 18 30 43 45
	
09/09/2019 	
01 05 16 21 31 45
	
09/05/2019 	
23 31 33 39 42 47
	
09/02/2019 	
07 09 11 17 19 25
	
08/29/2019 	
05 10 12 36 41 44
	
08/26/2019 	
07 13 17 23 24 34
	
08/22/2019 	
02 07 12 18 23 29
	
08/19/2019 	
20 24 35 39 40 46 

08/15/2019 	
02 08 10 17 22 46
	
08/12/2019 	
08 09 16 26 28 40
	
08/08/2019 	
08 09 21 32 35 46
	
08/05/2019 	
01 08 32 34 36 42
	
08/01/2019 	
05 19 28 37 40 46
	
07/29/2019 	
05 12 13 14 16 31
	
07/25/2019 	
01 09 16 32 36 43
	
07/22/2019 	
05 12 29 33 42 44
	
07/18/2019 	
07 13 27 29 41 45
	
07/15/2019 	
03 09 13 23 28 41
	
07/11/2019 	
09 10 21 25 38 45
	
07/08/2019 	
14 17 26 27 40 46
	
07/04/2019 	
02 03 08 21 30 39
	
07/01/2019 	
07 25 33 34 36 45
	
06/27/2019 	
04 29 30 35 37 41
	
06/24/2019 	
02 08 13 35 41 46
	
06/20/2019 	
19 31 38 39 41 47
	
06/17/2019 	
24 33 34 35 36 43
	
06/13/2019 	
22 24 31 33 35 41
	
06/10/2019 	
03 13 24 30 38 41 

06/06/2019 	
03 07 11 30 36 40
	
06/03/2019 	
01 04 05 16 17 43
	
05/30/2019 	
19 20 40 41 44 47
	
05/27/2019 	
03 09 14 26 28 31
	
05/23/2019 	
23 26 27 29 31 36
	
05/20/2019 	
01 02 22 31 43 44
	
05/16/2019 	
02 10 16 19 34 36
	
05/13/2019 	
02 09 14 15 22 46
	
05/09/2019 	
02 06 17 19 37 39
	
05/06/2019 	
03 08 21 24 26 46
	
05/02/2019 	
08 16 19 27 30 33
	
04/29/2019 	
03 04 17 28 31 33
	
04/25/2019 	
04 13 17 26 36 37
	
04/22/2019 	
04 14 25 37 39 44
	
04/18/2019 	
14 19 26 33 35 38
	
04/15/2019 	
16 20 25 28 34 44
	
04/11/2019 	
05 24 32 42 44 46
	
04/08/2019 	
13 24 25 31 35 46
	
04/04/2019 	
04 05 10 23 29 36
	
04/01/2019 	
08 11 19 22 31 33 

03/28/2019 	
03 20 23 29 33 39
	
03/25/2019 	
03 15 20 23 30 44
	
03/21/2019 	
01 18 21 22 27 31
	
03/18/2019 	
15 18 30 36 37 43
	
03/14/2019 	
01 04 05 19 35 42
	
03/11/2019 	
02 07 11 12 23 30
	
03/07/2019 	
19 27 35 41 42 46
	
03/04/2019 	
02 08 31 33 34 39
	
02/28/2019 	
16 29 30 34 35 44
	
02/25/2019 	
09 12 13 16 34 43
	
02/21/2019 	
03 04 29 32 36 42
	
02/18/2019 	
01 02 04 12 39 46
	
02/14/2019 	
01 08 12 25 35 42
	
02/11/2019 	
15 17 19 34 36 42
	
02/07/2019 	
24 27 36 42 45 47
	
02/04/2019 	
23 24 29 31 43 44
	
01/31/2019 	
01 09 10 26 36 37
	
01/28/2019 	
16 21 23 29 36 41
	
01/24/2019 	
10 14 21 25 27 42
	
01/21/2019 	
02 04 15 16 37 47 

01/17/2019 	
11 12 19 22 32 41
	
01/14/2019 	
01 03 08 11 18 42
	
01/10/2019 	
03 04 10 24 26 37
	
01/07/2019 	
04 05 14 27 38 46
	
01/03/2019 	
02 09 14 18 23 28
	
12/31/2018 	
01 04 06 23 31 38
	
12/27/2018 	
01 06 16 22 38 44
	
12/24/2018 	
11 13 19 23 24 31
	
12/20/2018 	
07 09 13 18 24 32
	
12/17/2018 	
13 24 26 31 44 47
	
12/13/2018 	
06 28 34 38 41 45
	
12/10/2018 	
02 14 27 29 34 36
	
12/06/2018 	
08 19 25 43 45 47
	
12/03/2018 	
09 10 13 21 29 33
	
11/29/2018 	
02 08 11 19 25 28
	
11/26/2018 	
03 16 17 20 34 46
	
11/22/2018 	
08 17 28 31 39 47
	
11/19/2018 	
01 12 15 18 33 46
	
11/15/2018 	
12 33 34 43 44 46
	
11/12/2018 	
05 10 12 13 16 34 

11/08/2018 	
02 04 08 16 20 42
	
11/05/2018 	
02 10 22 30 32 46
	
11/01/2018 	
06 10 17 31 36 46
	
10/29/2018 	
07 08 21 23 27 38
	
10/25/2018 	
02 03 04 06 43 46
	
10/22/2018 	
17 25 29 31 38 45
	
10/18/2018 	
02 03 08 09 23 25
	
10/15/2018 	
02 24 34 39 43 44
	
10/11/2018 	
11 25 34 35 42 47
	
10/08/2018 	
06 17 37 38 40 45
	
10/04/2018 	
01 04 20 30 41 43
	
10/01/2018 	
16 28 29 42 43 46
	
09/27/2018 	
07 15 30 32 36 42
	
09/24/2018 	
02 14 17 22 31 32
	
09/20/2018 	
01 02 11 19 28 31
	
09/17/2018 	
02 09 15 22 30 41
	
09/13/2018 	
03 15 24 31 35 42
	
09/10/2018 	
08 17 22 37 42 43
	
09/06/2018 	
05 07 27 29 31 36
	
09/03/2018 	
02 10 13 14 19 46 

08/30/2018 	
15 25 34 40 43 46
	
08/27/2018 	
05 07 10 18 20 35
	
08/23/2018 	
02 17 21 30 31 33
	
08/20/2018 	
02 08 13 18 26 43
	
08/16/2018 	
03 15 24 30 44 45
	
08/13/2018 	
07 20 24 26 29 47
	
08/09/2018 	
13 14 17 36 38 39
	
08/06/2018 	
10 11 12 35 36 44
	
08/02/2018 	
02 05 12 33 41 43
	
07/30/2018 	
01 04 14 22 43 47
	
07/26/2018 	
11 14 15 32 36 38
	
07/23/2018 	
07 19 21 24 28 31
	
07/19/2018 	
11 29 30 44 45 46
	
07/16/2018 	
01 08 12 13 31 40
	
07/12/2018 	
04 10 15 23 39 41
	
07/09/2018 	
01 02 15 18 28 47
	
07/05/2018 	
01 11 27 30 38 47
	
07/02/2018 	
07 20 29 35 37 47
	
06/28/2018 	
02 04 16 33 39 46
	
06/25/2018 	
02 17 18 20 28 36 

06/21/2018 	
08 13 27 28 29 34
	
06/18/2018 	
02 03 04 12 33 47
	
06/14/2018 	
07 09 37 42 43 47
	
06/11/2018 	
01 08 21 24 25 37
	
06/07/2018 	
14 26 27 30 31 42
	
06/04/2018 	
07 10 16 25 28 32
	
05/31/2018 	
07 17 22 32 34 36
	
05/28/2018 	
02 10 21 32 37 47
	
05/24/2018 	
05 18 21 35 39 44
	
05/21/2018 	
03 05 15 25 34 37
	
05/17/2018 	
01 16 18 30 33 42
	
05/14/2018 	
12 15 16 20 28 44
	
05/10/2018 	
05 06 15 17 27 46
	
05/07/2018 	
02 24 27 36 37 45
	
05/03/2018 	
08 16 25 28 30 47
	
04/30/2018 	
04 15 16 20 40 44
	
04/26/2018 	
03 14 30 36 42 43
	
04/23/2018 	
15 19 25 43 44 46
	
04/19/2018 	
06 16 19 24 38 41
	
04/16/2018 	
03 06 26 32 44 45 

04/12/2018 	
03 13 20 27 36 47
	
04/09/2018 	
04 19 20 26 33 46
	
04/05/2018 	
11 22 29 32 38 43
	
04/02/2018 	
11 15 24 34 35 40
	
03/29/2018 	
05 06 15 25 26 38
	
03/26/2018 	
01 06 12 16 35 44
	
03/22/2018 	
12 14 15 17 23 37
	
03/19/2018 	
11 18 21 22 43 44
	
03/15/2018 	
06 15 20 32 37 45
	
03/12/2018 	
06 15 23 26 28 42
	
03/08/2018 	
07 14 26 37 41 45
	
03/05/2018 	
15 16 26 33 37 44
	
03/01/2018 	
04 05 12 24 28 38
	
02/26/2018 	
13 15 17 20 40 45
	
02/22/2018 	
04 07 16 23 24 39
	
02/19/2018 	
02 04 09 17 22 33
	
02/15/2018 	
17 18 19 21 42 47
	
02/12/2018 	
03 07 13 24 27 40
	
02/08/2018 	
03 05 28 33 40 43
	
02/05/2018 	
06 09 25 32 37 44 

02/01/2018 	
06 13 17 24 30 34
	
01/29/2018 	
11 32 33 35 39 44
	
01/25/2018 	
17 28 29 33 42 43
	
01/22/2018 	
12 16 20 32 36 45
	
01/18/2018 	
01 03 05 10 12 31
	
01/15/2018 	
10 11 19 27 35 44
	
01/11/2018 	
11 16 22 29 34 41
	
01/08/2018 	
09 11 22 23 29 39
	
01/04/2018 	
04 17 22 32 42 46
	
01/01/2018 	
02 08 19 24 27 28
	
12/28/2017 	
01 04 18 22 23 40
	
12/25/2017 	
01 11 12 13 18 23
	
12/21/2017 	
08 09 13 15 20 28
	
12/18/2017 	
01 04 05 24 44 46
	
12/14/2017 	
15 22 26 29 43 45
	
12/11/2017 	
06 11 27 29 38 41
	
12/07/2017 	
01 07 08 14 16 33
	
12/04/2017 	
24 28 33 37 44 45
	
11/30/2017 	
06 23 31 34 37 38
	
11/27/2017 	
08 15 19 21 27 41 

11/23/2017 	
06 07 21 22 35 41
	
11/20/2017 	
11 12 27 31 33 42
	
11/16/2017 	
02 07 11 13 14 31
	
11/13/2017 	
08 17 18 25 28 47
	
11/09/2017 	
01 05 23 26 28 43
	
11/06/2017 	
06 27 29 37 39 43
	
11/02/2017 	
06 08 14 36 43 47
	
10/30/2017 	
17 23 25 39 43 44
	
10/26/2017 	
07 12 23 26 27 38
	
10/23/2017 	
19 27 31 33 37 43
	
10/19/2017 	
07 13 14 34 41 45
	
10/16/2017 	
06 17 27 36 37 42
	
10/12/2017 	
01 09 10 11 12 27
	
10/09/2017 	
14 25 26 32 34 36
	
10/05/2017 	
20 23 27 29 35 37
	
10/02/2017 	
20 22 29 35 36 47
	
09/28/2017 	
02 10 20 21 26 32
	
09/25/2017 	
11 14 15 17 43 46
	
09/21/2017 	
05 12 16 31 32 34
	
09/18/2017 	
09 18 19 24 39 43 

09/14/2017 	
03 17 27 29 34 35
	
09/11/2017 	
04 09 24 40 41 42
	
09/07/2017 	
01 04 11 17 32 43
	
09/04/2017 	
08 13 15 19 36 37
	
08/31/2017 	
03 05 24 36 37 47
	
08/28/2017 	
05 10 21 31 40 47
	
08/24/2017 	
01 07 13 14 22 27
	
08/21/2017 	
18 19 26 31 40 43
	
08/17/2017 	
02 05 12 20 23 35
	
08/14/2017 	
03 13 15 20 28 34
	
08/10/2017 	
04 10 19 30 33 45
	
08/07/2017 	
02 06 20 38 42 44
	
08/03/2017 	
08 19 22 26 29 36
	
07/31/2017 	
11 14 24 29 35 46
	
07/27/2017 	
01 11 18 23 36 41
	
07/24/2017 	
02 16 22 24 29 45
	
07/20/2017 	
08 12 23 24 30 31
	
07/17/2017 	
09 10 11 29 32 41
	
07/13/2017 	
01 36 38 41 44 47
	
07/10/2017 	
02 05 16 25 27 46 

07/06/2017 	
22 31 32 36 40 45
	
07/03/2017 	
01 14 19 26 39 44
	
06/29/2017 	
19 27 28 35 41 42
	
06/26/2017 	
05 17 28 29 31 46
	
06/22/2017 	
04 10 21 27 41 47
	
06/19/2017 	
03 16 21 23 29 40
	
06/15/2017 	
16 20 25 34 38 41
	
06/12/2017 	
14 16 18 35 39 47
	
06/08/2017 	
04 06 15 36 39 45
	
06/05/2017 	
08 13 20 32 35 45
	
06/01/2017 	
13 25 26 32 36 38
	
05/29/2017 	
13 22 30 31 35 36
	
05/25/2017 	
02 15 17 25 30 40
	
05/22/2017 	
06 22 28 33 44 46
	
05/18/2017 	
01 16 31 38 40 42
	
05/15/2017 	
12 16 23 26 44 46
	
05/11/2017 	
04 10 17 27 28 43
	
05/08/2017 	
07 08 16 18 45 47
	
05/04/2017 	
10 16 18 19 38 45
	
05/01/2017 	
17 22 36 41 45 47 

04/27/2017 	
03 12 17 27 36 40
	
04/24/2017 	
18 19 21 29 30 34
	
04/20/2017 	
07 11 30 38 42 44
	
04/17/2017 	
09 20 23 35 39 47
	
04/13/2017 	
07 10 23 25 26 44
	
04/10/2017 	
10 24 29 36 41 46
	
04/06/2017 	
13 15 25 34 36 37
	
04/03/2017 	
06 07 08 29 38 41
	
03/30/2017 	
04 19 28 30 42 47
	
03/27/2017 	
10 11 15 18 28 31
	
03/23/2017 	
05 06 14 16 40 43
	
03/20/2017 	
04 11 26 27 31 39
	
03/16/2017 	
15 17 27 32 40 44
	
03/13/2017 	
01 24 25 26 34 35
	
03/09/2017 	
18 19 28 34 44 47
	
03/06/2017 	
01 04 10 19 32 45
	
03/02/2017 	
08 13 15 28 32 46
	
02/27/2017 	
06 07 14 28 37 46
	
02/23/2017 	
01 04 26 37 42 43
	
02/20/2017 	
01 17 24 31 35 44 

02/16/2017 	
01 11 30 32 36 40
	
02/13/2017 	
12 13 15 41 42 44
	
02/09/2017 	
08 10 17 18 41 47
	
02/06/2017 	
02 06 10 18 22 33
	
02/02/2017 	
07 09 17 24 38 47
	
01/30/2017 	
03 12 13 20 33 42
	
01/26/2017 	
16 21 22 23 31 35
	
01/23/2017 	
22 28 29 30 38 44
	
01/19/2017 	
01 17 23 29 32 46
	
01/16/2017 	
13 19 20 21 39 47
	
01/12/2017 	
03 23 24 31 36 37
	
01/09/2017 	
02 07 14 18 22 47
	
01/05/2017 	
18 21 26 28 39 46
	
01/02/2017 	
09 10 15 26 30 38
	
12/29/2016 	
06 12 27 28 40 47
	
12/26/2016 	
06 10 11 15 33 47
	
12/22/2016 	
04 20 26 30 37 46
	
12/19/2016 	
03 10 23 30 34 42
	
12/15/2016 	
04 09 18 29 35 45
	
12/12/2016 	
07 11 12 15 30 45 

12/08/2016 	
03 04 06 12 25 34
	
12/05/2016 	
07 19 21 23 46 47
	
12/01/2016 	
02 03 19 25 28 40
	
11/28/2016 	
01 04 10 13 21 28
	
11/24/2016 	
20 24 32 37 38 44
	
11/21/2016 	
06 09 12 41 44 46
	
11/17/2016 	
04 06 09 10 21 22
	
11/14/2016 	
01 05 10 14 34 37
	
11/10/2016 	
03 09 15 34 36 37
	
11/07/2016 	
01 05 06 10 33 47
	
11/03/2016 	
02 03 05 07 11 32
	
10/31/2016 	
03 08 12 17 24 38
	
10/27/2016 	
07 29 32 35 42 47
	
10/24/2016 	
13 18 23 24 39 43
	
10/20/2016 	
08 13 21 31 34 44
	
10/17/2016 	
15 16 17 31 32 37
	
10/13/2016 	
04 06 20 37 44 46
	
10/10/2016 	
13 14 17 24 32 45
	
10/06/2016 	
03 06 18 23 30 44
	
10/03/2016 	
01 03 06 21 27 44 

09/29/2016 	
09 15 21 40 41 44
	
09/26/2016 	
02 26 29 32 38 43
	
09/22/2016 	
09 20 29 37 42 47
	
09/19/2016 	
06 22 41 42 43 46
	
09/15/2016 	
01 06 24 40 41 44
	
09/12/2016 	
08 10 11 14 18 28
	
09/08/2016 	
05 06 10 12 14 38
	
09/05/2016 	
01 02 17 19 22 47
	
09/01/2016 	
04 11 12 31 36 45
	
08/29/2016 	
21 23 24 25 39 42
	
08/25/2016 	
13 32 35 36 38 46
	
08/22/2016 	
05 09 10 26 46 47
	
08/18/2016 	
05 17 25 27 37 41
	
08/15/2016 	
02 16 21 26 39 42
	
08/11/2016 	
09 23 24 28 38 44
	
08/08/2016 	
01 07 08 36 41 45
	
08/04/2016 	
12 15 18 22 31 38
	
08/01/2016 	
14 19 40 42 43 46
	
07/28/2016 	
16 19 29 45 46 47
	
07/25/2016 	
22 25 34 38 41 44 

07/21/2016 	
01 26 29 30 32 42
	
07/18/2016 	
03 15 16 17 44 47
	
07/14/2016 	
05 12 15 21 34 41
	
07/11/2016 	
07 08 10 11 15 16
	
07/07/2016 	
06 07 20 28 30 43
	
07/04/2016 	
21 22 28 35 38 39
	
06/30/2016 	
12 18 22 25 30 35
	
06/27/2016 	
02 11 13 23 32 47
	
06/23/2016 	
05 07 08 13 36 40
	
06/20/2016 	
20 21 24 26 29 35
	
06/16/2016 	
05 07 09 10 17 42
	
06/13/2016 	
02 09 24 27 36 37
	
06/09/2016 	
06 26 32 35 39 46
	
06/06/2016 	
03 07 08 09 21 35
	
06/02/2016 	
04 08 34 35 38 44
	
05/30/2016 	
01 12 33 35 41 46
	
05/26/2016 	
04 07 14 19 29 30
	
05/23/2016 	
06 07 26 28 41 46
	
05/19/2016 	
09 13 22 28 32 43
	
05/16/2016 	
06 12 24 29 33 45 

05/12/2016 	
01 02 13 38 43 44
	
05/09/2016 	
06 12 17 25 33 45
	
05/05/2016 	
08 12 13 30 39 45
	
05/02/2016 	
02 15 18 24 27 30
	
04/28/2016 	
05 11 21 29 38 46
	
04/25/2016 	
01 03 04 10 15 34
	
04/21/2016 	
07 15 25 27 39 43
	
04/18/2016 	
17 30 35 42 45 47
	
04/14/2016 	
02 10 21 35 38 44
	
04/11/2016 	
01 04 21 36 38 44
	
04/07/2016 	
14 15 31 36 38 44
	
04/04/2016 	
03 06 14 33 34 47
	
03/31/2016 	
14 17 18 26 43 46
	
03/28/2016 	
01 08 12 13 21 26
	
03/24/2016 	
03 21 30 31 36 37
	
03/21/2016 	
08 16 21 30 36 46
	
03/17/2016 	
08 23 28 40 42 43
	
03/14/2016 	
03 08 11 27 44 46
	
03/10/2016 	
12 15 17 29 32 38
	
03/07/2016 	
09 17 19 24 41 43 

03/03/2016 	
03 11 12 13 19 41
	
02/29/2016 	
06 09 11 26 34 47
	
02/25/2016 	
01 03 09 12 38 42
	
02/22/2016 	
25 31 33 37 41 46
	
02/18/2016 	
01 03 04 23 26 40
	
02/15/2016 	
11 22 23 32 36 41
	
02/11/2016 	
10 28 33 35 46 47
	
02/08/2016 	
01 07 19 29 33 46
	
02/04/2016 	
04 10 12 18 19 36
	
02/01/2016 	
01 03 05 07 11 47
	
01/28/2016 	
12 14 19 20 22 47
	
01/25/2016 	
01 18 31 35 38 43
	
01/21/2016 	
12 14 22 24 27 31
	
01/18/2016 	
11 15 23 29 31 35
	
01/14/2016 	
05 08 29 31 40 41
	
01/11/2016 	
06 21 29 34 36 40
	
01/07/2016 	
10 15 23 34 37 45
	
01/04/2016 	
03 11 13 15 29 45
	
12/31/2015 	
07 10 20 23 37 42
	
12/28/2015 	
11 26 27 36 44 47 

12/24/2015 	
13 15 18 21 23 26
	
12/21/2015 	
08 23 30 37 43 44
	
12/17/2015 	
05 13 14 34 40 46
	
12/14/2015 	
04 06 24 28 38 40
	
12/10/2015 	
15 25 28 31 42 45
	
12/07/2015 	
03 19 22 29 40 46
	
12/03/2015 	
02 15 28 31 41 47
	
11/30/2015 	
01 11 12 20 24 41
	
11/26/2015 	
02 27 28 36 38 40
	
11/23/2015 	
04 08 24 28 29 38
	
11/19/2015 	
16 35 37 39 43 46
	
11/16/2015 	
19 23 25 41 43 46
	
11/12/2015 	
03 15 29 32 35 42
	
11/09/2015 	
01 10 16 28 34 40
	
11/05/2015 	
14 17 18 20 26 44
	
11/02/2015 	
04 09 22 29 30 43
	
10/29/2015 	
12 13 16 22 27 38
	
10/26/2015 	
06 11 26 32 36 44
	
10/22/2015 	
02 03 06 32 33 37
	
10/19/2015 	
12 15 21 33 43 46 

10/15/2015 	
06 19 25 27 28 47
	
10/12/2015 	
07 10 13 28 29 40
	
10/08/2015 	
08 14 40 41 42 45
	
10/05/2015 	
01 14 27 32 42 46
	
10/01/2015 	
02 10 30 36 38 44
	
09/28/2015 	
09 23 29 35 45 47
	
09/24/2015 	
07 11 23 35 46 47
	
09/21/2015 	
10 11 21 29 30 44
	
09/17/2015 	
04 06 13 28 31 32
	
09/14/2015 	
15 25 27 30 32 45
	
09/10/2015 	
16 20 24 36 37 46
	
09/07/2015 	
07 15 20 31 32 35
	
09/03/2015 	
08 12 25 39 42 45
	
08/31/2015 	
08 11 16 29 39 42
	
08/27/2015 	
03 06 11 25 36 40
	
08/24/2015 	
02 13 19 30 33 45
	
08/20/2015 	
04 08 12 39 45 47
	
08/17/2015 	
06 10 15 22 26 28
	
08/13/2015 	
07 16 26 35 39 43
	
08/10/2015 	
07 13 15 30 42 44 

08/06/2015 	
05 07 09 15 41 45
	
08/03/2015 	
10 11 16 20 25 43
	
07/30/2015 	
01 07 15 29 37 39
	
07/27/2015 	
05 11 19 26 37 44
	
07/23/2015 	
06 17 19 24 40 42
	
07/20/2015 	
11 19 24 27 29 31
	
07/16/2015 	
08 19 20 28 34 41
	
07/13/2015 	
01 08 11 26 35 38
	
07/09/2015 	
13 20 21 32 38 43
	
07/06/2015 	
03 16 19 24 26 46
	
07/02/2015 	
03 04 23 27 33 40
	
06/29/2015 	
12 13 29 30 41 45
	
06/25/2015 	
03 06 09 25 36 37
	
06/22/2015 	
11 17 20 24 44 47
	
06/18/2015 	
01 02 09 14 30 42
	
06/15/2015 	
10 24 25 35 43 44
	
06/11/2015 	
03 11 21 26 40 42
	
06/08/2015 	
07 22 30 31 42 45
	
06/04/2015 	
01 11 22 28 35 43
	
06/01/2015 	
01 02 06 09 19 30 

05/28/2015 	
07 09 27 33 43 44
	
05/25/2015 	
13 16 19 30 36 46
	
05/21/2015 	
03 04 14 23 31 45
	
05/18/2015 	
05 19 22 29 34 45
	
05/14/2015 	
03 05 20 21 35 47
	
05/11/2015 	
01 12 16 27 35 43
	
05/07/2015 	
03 31 37 40 42 46
	
05/04/2015 	
06 09 15 20 31 33
	
04/30/2015 	
06 16 21 24 42 44
	
04/27/2015 	
13 17 21 22 39 40
	
04/23/2015 	
16 22 24 30 37 42
	
04/20/2015 	
08 13 20 23 30 39
	
04/16/2015 	
18 23 29 30 43 46
	
04/13/2015 	
03 08 12 14 15 28
	
04/09/2015 	
06 07 11 25 28 34
	
04/06/2015 	
03 04 15 32 33 45
	
04/02/2015 	
07 18 27 28 36 46
	
03/30/2015 	
08 16 20 22 32 44
	
03/26/2015 	
04 22 23 29 37 42
	
03/23/2015 	
14 16 20 26 41 45 

03/19/2015 	
06 11 19 30 31 40
	
03/16/2015 	
01 07 14 18 37 46
	
03/12/2015 	
10 21 31 41 45 46
	
03/09/2015 	
19 25 36 43 44 45
	
03/05/2015 	
09 12 15 39 40 47
	
03/02/2015 	
16 22 24 26 27 40
	
02/26/2015 	
05 15 16 27 30 35
	
02/23/2015 	
12 14 16 29 38 43 
